,direction,entry_date,entry_time,entry_price,exit_date,exit_time,exit_price,position_size,status,profit_loss,profit_loss_percent,running_profit_loss,sl_price,drawdown,runup,slippage,commission
0,long,2021-01-03,03:00:00,32765.99,2021-01-03,04:00:00,32601.49,1216.8295983578091,closed,-7.0899226915081135,-0.5826553447644951,992.9100773084919,0,32529.51,32774.2,0.0074273940653574585,0.9734636786862474
1,long,2021-01-03,05:00:00,33256.95,2021-01-03,13:00:00,34156.94,1244.7846891939382,closed,32.6826910391479,2.6255698132270258,1025.5927683476398,0,33256.95,34822.24,0.007485861987908924,0.9958277513551507
2,short,2021-01-05,06:00:00,30460.81,2021-01-05,10:00:00,31604.61,1667.9324828308208,closed,-63.97597502890855,-3.835645368589998,961.6167933187312,100000,31819.83,29964.98,0.010951333748713977,1.3343459862646567
3,long,2021-01-06,21:00:00,36131.01,2021-01-07,08:00:00,36906.64,1009.1356376154719,closed,20.850376881934103,2.0661619810794036,982.4671702006654,0,35761.21,37785.38,0.005585980782798332,0.8073085100923776
4,long,2021-01-07,15:00:00,38491.67,2021-01-08,00:00:00,39498.92,1251.0876178992135,closed,31.73108945966732,2.5362803536453473,1014.1982596603327,0,36863.72,40468.25,0.0065005629420558445,1.000870094319371
5,short,2021-01-08,00:00:00,39498.92,2021-01-08,11:00:00,40839.01,1986.501406031379,closed,-68.99580286203222,-3.47323201748302,945.2024567983005,100000,41135.88,36690.89,0.01005850998473568,1.5892011248251032
6,long,2021-01-08,11:00:00,40839.01,2021-01-08,19:00:00,39956.48,867.021971067919,closed,-19.434187059826208,-2.2414872642603205,925.7682697384744,0,39793.0,42047.88,0.004246047938321321,0.6936175768543352
7,short,2021-01-08,19:00:00,39956.48,2021-01-09,12:00:00,40639.04,1591.8356069766446,closed,-28.474104753324873,-1.7887591299333614,897.2941649851495,100000,41278.33,38782.92,0.007967847052476317,1.2734684855813156
8,long,2021-01-09,12:00:00,40639.04,2021-01-09,17:00:00,40071.32,934.9625521788128,closed,-13.813828207521386,-1.4774739560777055,883.480336777628,0,40006.19,41471.98,0.004601302354478909,0.7479700417430503
9,short,2021-01-09,17:00:00,40071.32,2021-01-09,20:00:00,40769.42,1973.104044465452,closed,-35.96264014006721,-1.8226428677667685,847.5176966375609,100000,40971.24,40071.32,0.009847961307316315,1.5784832355723617
10,long,2021-01-09,20:00:00,40769.42,2021-01-09,23:00:00,40327.21,1061.7252011307557,closed,-12.370707818552342,-1.1651515670323473,835.1469888190086,0,40195.05,40853.25,0.005208439075811016,0.8493801609046047
11,short,2021-01-09,23:00:00,40327.21,2021-01-10,02:00:00,41251.21,2183.4156530831315,closed,-51.785223818527655,-2.3717528884343846,783.3617650004809,100000,41402.41,40041.69,0.010828498441043314,1.7467325224665053
12,long,2021-01-10,02:00:00,41251.21,2021-01-10,04:00:00,40393.5,1060.9812168992148,closed,-22.914232163795837,-2.159720813037967,760.447532836685,0,40360.33,41251.21,0.005144000463982583,0.8487849735193719
13,short,2021-01-10,04:00:00,40393.5,2021-01-10,08:00:00,41056.69,2083.7338328423066,closed,-35.888537250567424,-1.7223186898882303,724.5589955861176,100000,41140.0,40216.46,0.010317173965327622,1.6669870662738453
14,short,2021-01-11,12:00:00,34218.66,2021-01-11,21:00:00,33494.81,907.5549367314296,closed,18.4667628398259,2.034781817873657,743.0257584259435,100000,35097.74,30521.2,0.005304444631855424,0.7260439493851437
15,short,2021-01-12,14:00:00,33348.64,2021-01-13,08:00:00,35019.26,991.8910665764618,closed,-50.48883571672086,-5.0901593348334515,692.5369227092227,100000,35567.67,32545.26,0.005948614795544657,0.7935128532611695
16,long,2021-01-13,08:00:00,35019.26,2021-01-14,13:00:00,38321.68,537.3476774909084,closed,50.24053144301925,9.349725242623625,742.777454152242,0,34129.9,38818.97,0.003068869402099921,0.4298781419927267
17,long,2021-01-14,14:00:00,39044.13,2021-01-14,19:00:00,39391.81,957.255772885113,closed,7.753458993459397,0.8099673267146693,750.5309131457013,0,38856.69,40079.93,0.004903455515003731,0.7658046183080904
18,long,2021-01-14,20:00:00,39925.5,2021-01-14,21:00:00,39347.95,1035.5781896726983,closed,-15.81400560275579,-1.527070168188258,734.7169075429456,0,39347.95,39925.5,0.005187552765389029,0.8284625517381586
19,short,2021-01-16,19:00:00,36528.97,2021-01-17,16:00:00,35749.53,1678.1408924491077,closed,34.45577311320876,2.053210982954084,769.1726806561544,100000,36787.54,33934.79,0.009188000058305,1.3425127139592863
20,short,2021-01-18,05:00:00,35177.0,2021-01-18,08:00:00,36139.12,2018.5583725253284,closed,-56.835561740479235,-2.8156511356852563,712.3371189156752,100000,36271.6,34854.81,0.011476580564148896,1.6148466980202627
21,long,2021-01-18,08:00:00,36139.12,2021-01-18,18:00:00,35717.07,936.0426615669937,closed,-11.685570105300211,-1.2484014441967677,700.651548810375,0,35483.71,37493.8,0.005180218342710026,0.748834129253595
22,short,2021-01-18,18:00:00,35717.07,2021-01-19,00:00:00,36686.86,1786.2094095002574,closed,-49.9381331764386,-2.795760279328626,650.7134156339364,100000,36833.6,35614.5,0.010001992937832008,1.428967527600206
23,long,2021-01-19,00:00:00,36686.86,2021-01-19,06:00:00,36307.88,988.0617246099134,closed,-11.002641012811893,-1.113558064113427,639.7107746211245,0,36210.9,37369.81,0.005386461117740321,0.7904493796879308
24,long,2021-01-19,08:00:00,37225.61,2021-01-19,15:00:00,37064.69,1026.3193310954573,closed,-5.263173958733103,-0.512820308384465,634.4476006623914,0,36780.26,37643.11,0.005514049768938413,0.8210554648763658
25,long,2021-01-19,16:00:00,37376.48,2021-01-19,19:00:00,36554.04,1045.3826551337413,closed,-23.844721775319286,-2.2809563233348946,610.6028788870722,0,36554.04,37880.97,0.00559379939006424,0.8363061241069931
26,short,2021-01-19,19:00:00,36554.04,2021-01-20,18:00:00,34872.01,1916.9155548084414,closed,86.6626310320229,4.5209415101586545,697.265509919095,100000,36816.38,33541.84,0.01048811871305301,1.5335324438467532
27,short,2021-01-21,05:00:00,34282.7,2021-01-21,07:00:00,34698.0,1847.6092300816763,closed,-23.87077043116904,-1.291981553378243,673.394739487926,100000,34820.0,34056.0,0.010778668133383172,1.478087384065341
28,short,2021-01-21,09:00:00,33277.88,2021-01-21,21:00:00,31916.81,1649.8617754486088,closed,66.14977494391978,4.0094131477125226,739.5445144318458,100000,33510.29,31122.5,0.009915666355240231,1.3198894203588871
29,short,2021-01-21,23:00:00,30918.79,2021-01-22,04:00:00,30944.04,1294.0198607028904,closed,-2.1003547719044016,-0.16231240614525988,737.4441596599413,100000,31462.83,28908.08,0.00837044309109697,1.0352158885623124
30,short,2021-01-23,03:00:00,32286.0,2021-01-23,21:00:00,32200.28,1612.5002395836434,closed,2.9812325559387056,0.1848826116583075,740.42539221588,100000,33435.81,31414.5,0.009988851140331063,1.2900001916669148
31,short,2021-01-24,14:00:00,32262.17,2021-01-25,00:00:00,32275.63,2563.986650800843,closed,-3.1367969425069844,-0.1223406113104071,737.2885952733731,100000,32389.81,30970.5,0.015894694317219477,2.0511893206406744
32,short,2021-01-27,05:00:00,31872.28,2021-01-27,21:00:00,31533.14,2014.113377063164,closed,19.807433908631122,0.9834319226613203,757.0960291820041,100000,31886.59,29343.96,0.012638652628950073,1.6112907016505313
33,long,2021-01-29,09:00:00,36397.81,2021-01-29,18:00:00,35824.05,736.8654913839423,closed,-12.209183727138615,-1.6569080612267462,744.8868454548656,0,35254.0,38582.84,0.004048955095836493,0.5894923931071538
34,long,2021-01-30,14:00:00,34276.22,2021-01-31,03:00:00,33789.89,727.2094265006974,closed,-10.904061022669215,-1.4994388996219588,733.9827844321964,0,33592.56,34810.74,0.004243230009030736,0.581767541200558
35,short,2021-01-31,15:00:00,33365.0,2021-02-01,00:00:00,33126.21,2303.2674452699957,closed,14.627836508851297,0.6350906638693268,748.6106209410476,100000,33492.72,32215.76,0.013806488507537816,1.8426139562159967
36,short,2021-02-01,16:00:00,33178.13,2021-02-02,06:00:00,34020.31,2140.1589662523825,closed,-56.049942775981414,-2.6189616593822502,692.5606781650662,100000,34200.0,33174.45,0.012901022247199481,1.712127173001906
37,long,2021-02-02,06:00:00,34020.31,2021-02-03,09:00:00,36063.73,1301.4046661709274,closed,77.11971730624748,5.925882956386951,769.6803954713137,0,33960.74,36881.3,0.0076507513668801225,1.041123732936742
38,long,2021-02-03,17:00:00,37180.11,2021-02-04,05:00:00,37719.99,1467.3618031554959,closed,20.1252895520228,1.3715287878384366,789.8056850233364,0,36749.71,38377.31,0.007893262301566594,1.1738894425243966
39,long,2021-02-05,07:00:00,37422.39,2021-02-05,19:00:00,37453.9,1323.394539075954,closed,0.04852212181889892,0.0036664895000079844,789.8542071451553,0,37303.39,38360.74,0.0070727419551554795,1.0587156312607633
40,short,2021-02-05,19:00:00,37453.9,2021-02-06,00:00:00,38362.65,2849.7104738315215,closed,-71.43796913223542,-2.506850074358078,718.4162380129198,100000,38381.0,37277.81,0.015217162825935465,2.2797683790652172
41,long,2021-02-06,00:00:00,38362.65,2021-02-06,19:00:00,40358.48,1426.6204681603951,closed,73.07168434695292,5.122012895355253,791.4879223598728,0,38302.44,40990.0,0.007437549116968693,1.1412963745283162
42,short,2021-02-07,13:00:00,38886.56,2021-02-07,22:00:00,38570.0,2617.100700693404,closed,19.197633910855433,0.7335458626322249,810.6855562707282,100000,39140.1,37464.79,0.013460181104697377,2.0936805605547235
43,long,2021-02-12,23:00:00,47937.34,2021-02-13,00:00:00,47361.03,1364.6293461355485,closed,-17.503178630527767,-1.2826324364263801,793.1823776402005,0,47304.0,47954.95,0.005693387852290297,1.0917034769084388
44,short,2021-02-13,00:00:00,47361.03,2021-02-13,03:00:00,47962.96,2633.1421447510725,closed,-35.583274665023545,-1.3513617081385272,757.599102975177,100000,48060.25,47361.03,0.01111944628210608,2.106513715800858
45,long,2021-02-13,22:00:00,47195.01,2021-02-14,16:00:00,48630.09,1562.0687191363113,closed,46.2422549472506,2.960321423811531,803.8413579224275,0,46939.99,49802.0,0.00661963508064226,1.2496549753090491
46,short,2021-02-16,01:00:00,47745.69,2021-02-16,03:00:00,48503.43,3073.7619044047847,closed,-51.25351009152391,-1.6674521867837657,752.5878478309036,100000,48682.23,47678.22,0.012875557581866696,2.459009523523828
47,long,2021-02-17,01:00:00,49177.9,2021-02-17,19:00:00,51525.96,1301.5354926257207,closed,61.09690930019343,4.694217687213154,813.6847571310971,0,49106.92,51863.0,0.005293172309617616,1.0412283941005767
48,long,2021-02-17,20:00:00,52250.27,2021-02-18,02:00:00,52250.47,1509.185098140884,closed,-1.2073480785125812,-0.07999999999999165,812.4774090525844,0,52037.91,52673.79,0.005776755213478837,1.2073480785127073
49,long,2021-02-19,09:00:00,52320.71,2021-02-20,05:00:00,55888.44,2082.880756221159,closed,140.35660724468408,6.738581016962504,952.8340162972686,0,52320.71,56668.87,0.007961974354786695,1.6663046049769275
50,long,2021-02-20,14:00:00,57377.0,2021-02-20,15:00:00,56363.42,1906.0271805567343,closed,-35.201943850948155,-1.8468752287501988,917.6320724463204,0,56363.42,57514.71,0.006643871866973646,1.5248217444453875
51,long,2021-02-21,11:00:00,57676.76,2021-02-21,22:00:00,57395.57,1761.9746361192435,closed,-10.00579840872524,-0.5678741454963877,907.6262740375952,0,56802.82,58459.99,0.006109825295731742,1.409579708895395
52,short,2021-02-21,22:00:00,57395.57,2021-02-22,21:00:00,53832.64,3752.035097899591,closed,229.89941296613395,6.127325757022711,1137.5256870037292,100000,57665.88,48000.0,0.013074302068607706,3.001628078319673
53,short,2021-02-23,03:00:00,51283.61,2021-02-23,16:00:00,48634.4,2132.6104127833323,closed,108.45203645013052,5.085412497287144,1245.9777234538597,100000,52550.0,44979.37,0.008316927816834003,1.7060883302266658
54,short,2021-02-23,20:00:00,45550.52,2021-02-23,21:00:00,47869.84,1396.096632918721,closed,-72.20880034009247,-5.172192141824066,1173.7689231137672,100000,47869.84,45383.36,0.006129882306145885,1.1168773063349768
55,short,2021-02-24,15:00:00,49451.78,2021-02-25,01:00:00,50544.29,2088.9385637025903,closed,-47.829328735427744,-2.2896474585950237,1125.9395943783395,100000,50874.82,48061.12,0.008448385735367221,1.6711508509620723
56,long,2021-02-25,01:00:00,50544.29,2021-02-25,10:00:00,49008.9,1212.3315186326236,closed,-37.80180323791661,-3.118107766475698,1088.137791140423,0,48733.97,50882.3,0.0047971057408566775,0.9698652149060989
57,short,2021-02-25,10:00:00,49008.9,2021-02-25,13:00:00,51557.64,2771.4081945547873,closed,-146.3573378933493,-5.280973700695175,941.7804532470736,100000,51557.64,48969.36,0.011309815949979646,2.21712655564383
58,long,2021-02-25,13:00:00,51557.64,2021-02-25,18:00:00,49595.01,1225.101548309687,closed,-47.62042536744611,-3.8870594387175155,894.1600278796275,0,49361.95,52115.21,0.00475235696711365,0.9800812386477495
59,short,2021-02-25,18:00:00,49595.01,2021-02-26,12:00:00,46433.79,2219.859318149834,closed,139.71051817092493,6.2936654151294675,1033.8705460505523,100000,50089.26,44111.0,0.008951946246809242,1.7758874545198673
60,short,2021-02-26,23:00:00,45510.0,2021-02-27,01:00:00,47560.09,2103.4737358124794,closed,-96.44725197917869,-4.58514172709294,937.4232940713737,100000,47560.09,45423.29,0.009244006749340714,1.6827789886499835
61,short,2021-02-27,10:00:00,46707.23,2021-02-27,12:00:00,47330.24,2341.388098045895,closed,-33.114022786513424,-1.4142902158830544,904.3092712848603,100000,47661.19,46707.23,0.01002580584652909,1.8731104784367159
62,long,2021-02-27,12:00:00,47330.24,2021-02-27,16:00:00,46573.05,1177.6802115267963,closed,-19.787669047360115,-1.6802242963483704,884.5216022375001,0,46377.78,47803.63,0.004976438790620104,0.9421441692214371
63,short,2021-02-28,14:00:00,44208.88,2021-02-28,15:00:00,44597.24,2201.2310718695444,closed,-21.108010732967518,-0.9589184435344225,863.4135915045326,100000,44597.24,43781.28,0.009958320915931572,1.7609848574956355
64,short,2021-02-28,16:00:00,43424.6,2021-02-28,20:00:00,44430.33,1988.4824712882692,closed,-47.653943089428076,-2.396498021858585,815.7596484151046,100000,44495.48,43159.23,0.00915832256964149,1.5907859770306154
65,long,2021-03-01,23:00:00,49132.94,2021-03-02,03:00:00,49290.25,1293.1817942790897,closed,3.100598761101194,0.2397651107383309,818.8602471762058,0,49077.64,50210.0,0.005264011452516742,1.0345454354232717
66,long,2021-03-03,02:00:00,48854.9,2021-03-03,19:00:00,51265.79,1469.6061722256468,closed,71.34037595524441,4.854387338833974,890.2006231314502,0,48511.01,52615.21,0.006016207881811842,1.1756849377805174
67,short,2021-03-06,06:00:00,48510.4,2021-03-06,20:00:00,48356.88,3197.465098130009,closed,7.547806246253282,0.23605593852040813,897.7484293777035,100000,49114.02,47173.54,0.01318259630153538,2.5579720785040077
68,long,2021-03-06,20:00:00,48356.88,2021-03-07,19:00:00,50454.84,1774.5574459524396,closed,75.56207056054,4.2580797106843935,973.3104999382434,0,48285.64,51351.22,0.007339420764749255,1.4196459567619517
69,long,2021-03-08,02:00:00,51586.0,2021-03-08,03:00:00,50757.1,2013.4565323917,closed,-33.97142143120087,-1.6872190129104827,939.3390785070426,0,50568.3,51586.0,0.007806213051570969,1.61076522591336
70,long,2021-03-08,15:00:00,50784.38,2021-03-09,13:00:00,53801.03,1745.9289726239504,closed,102.30655002881836,5.859720047778474,1041.6456285358609,0,50621.41,54481.52,0.0068758503013089875,1.3967431780991604
71,long,2021-03-09,14:00:00,54812.39,2021-03-09,15:00:00,54533.01,2081.694280908597,closed,-12.283394285218458,-0.5900671581735395,1029.3622342506424,0,54448.64,54812.39,0.007595707032328264,1.6653554247268778
72,long,2021-03-10,01:00:00,55570.36,2021-03-10,02:00:00,54733.7,2213.186355364473,closed,-35.09995586427862,-1.5859466953246364,994.2622783863637,0,54580.0,55837.3,0.007965348273304234,1.7705490842915785
73,long,2021-03-10,11:00:00,54908.44,2021-03-11,00:00:00,55947.98,1842.5156679145634,closed,33.40223298075354,1.8128601868856609,1027.6645113671173,0,54647.99,57421.99,0.006711229340751854,1.4740125343316508
74,short,2021-03-11,00:00:00,55947.98,2021-03-11,14:00:00,57002.72,3432.2644089676114,closed,-67.46366220911622,-1.9655729911964612,960.200849158001,100000,57043.69,54471.82,0.012269484649732168,2.745811527174089
75,long,2021-03-11,14:00:00,57002.72,2021-03-12,03:00:00,57030.56,1695.4667109915529,closed,-0.5342599697870091,-0.03151108578678965,959.666589188214,0,56094.85,58245.97,0.00594872213463341,1.3563733687932424
76,short,2021-03-12,03:00:00,57030.56,2021-03-12,17:00:00,57442.69,3165.3409222803866,closed,-25.417634945102066,-0.8029983363305648,934.2489542431119,100000,57659.0,55233.61,0.01110050794619722,2.5322727378243095
77,short,2021-03-13,02:00:00,56441.01,2021-03-13,08:00:00,57389.96,3381.2270099595416,closed,-59.56597003647181,-1.7616672841254912,874.6829842066402,100000,57412.1,56188.32,0.011981454654902675,2.7049816079676336
78,short,2021-03-15,06:00:00,59138.02,2021-03-15,20:00:00,56602.01,3433.4348899465363,closed,144.47729726702082,4.207952149902879,1019.160281473661,100000,59428.28,55234.95,0.011611599069250328,2.7467479119572293
79,short,2021-03-16,01:00:00,54146.33,2021-03-16,07:00:00,55087.1,2728.44646770219,closed,-49.598459636613434,-1.8178278453959795,969.5618218370475,100000,55350.0,53380.77,0.010078047644973132,2.182757174161752
80,short,2021-03-17,05:00:00,55613.52,2021-03-17,07:00:00,56337.6,3592.6978753230383,closed,-49.66348609571134,-1.3823451851276485,919.8983357413362,100000,56337.6,55321.09,0.012920231898009832,2.8741583002584306
81,short,2021-03-17,08:00:00,55862.73,2021-03-17,19:00:00,57614.18,3525.677663916415,closed,-113.37284202766841,-3.2156326481000788,806.5254937136677,100000,57614.18,54307.29,0.012622647206523617,2.820542131133132
82,long,2021-03-17,19:00:00,57614.18,2021-03-18,08:00:00,58398.23,1333.9006042535023,closed,17.080807485790054,1.2805157619183383,823.6063011994578,0,57395.22,59481.45,0.004630459391259243,1.0671204834028019
83,long,2021-03-19,07:00:00,58183.94,2021-03-19,21:00:00,58415.45,1558.5055610508693,closed,4.949027619710668,0.3175495643643156,828.5553288191685,0,57655.23,59482.12,0.00535716749691021,1.2468044488406955
84,short,2021-03-20,21:00:00,58556.57,2021-03-21,15:00:00,57212.69,4137.977952622289,closed,91.6425531561456,2.214669923460335,920.1978819753141,100000,58854.27,55541.02,0.014133266182162955,3.3103823620978314
85,short,2021-03-22,03:00:00,57015.08,2021-03-22,04:00:00,57614.32,4267.048127968863,closed,-48.276143822540334,-1.1313709706274166,871.9217381527737,100000,57653.46,57015.08,0.01496813870284445,3.4136385023750906
86,long,2021-03-22,04:00:00,57614.32,2021-03-22,14:00:00,57011.17,2023.305714676027,closed,-22.80715296600433,-1.1272222877923432,849.1145851867694,0,56665.9,58393.43,0.007023620914647703,1.6186445717408218
87,short,2021-03-22,14:00:00,57011.17,2021-03-23,10:00:00,54652.72,3796.361410526453,closed,153.99826545865355,4.0564700987543265,1003.112850645423,100000,57294.54,53189.55,0.01331795650054701,3.0370891284211625
88,short,2021-03-24,00:00:00,54400.0,2021-03-24,07:00:00,54695.1,4119.744779821653,closed,-25.659042762852323,-0.6228308823529385,977.4538078825707,100000,54984.44,53624.04,0.015146120514050194,3.2957958238573224
89,short,2021-03-24,19:00:00,55447.23,2021-03-25,10:00:00,52977.0,3862.650825792276,closed,168.9809353548192,4.374740119569549,1146.43474323739,100000,55610.41,51585.52,0.013932709806395292,3.0901206606338207
90,short,2021-03-25,13:00:00,51101.16,2021-03-25,18:00:00,51652.54,3303.4184121152207,closed,-38.29945030629562,-1.1593884131005978,1108.1352929310945,100000,52041.97,50650.01,0.012928937081331308,2.642734729692177
91,long,2021-03-27,17:00:00,56180.01,2021-03-28,02:00:00,56077.0,2586.009866112883,closed,-6.819645037303701,-0.2637130324469541,1101.3156478937908,0,55604.26,56641.38,0.00920615666003934,2.0688078928903066
92,long,2021-03-29,08:00:00,55949.99,2021-03-29,21:00:00,57342.31,2936.2572060830753,closed,70.70949490211078,2.4081505787579225,1172.0251427959015,0,55949.99,58373.64,0.010496006187250705,2.3490057648664604
93,long,2021-03-30,10:00:00,58948.27,2021-03-30,17:00:00,58795.25,3067.5759874400787,closed,-10.427390504217792,-0.33992281028772653,1161.5977522916837,0,58591.39,59412.01,0.010407687918373446,2.454060789952063
94,long,2021-03-31,16:00:00,59367.07,2021-04-01,00:00:00,58807.24,2577.699407561014,closed,-26.378485044832196,-1.0233344108105753,1135.2192672468516,0,58503.6,59732.96,0.008683936760096175,2.0621595260488115
95,long,2021-04-02,03:00:00,59833.18,2021-04-02,14:00:00,59298.0,3070.7386635655535,closed,-29.93318611933694,-0.9747878083698716,1105.2860811275145,0,59100.0,60139.42,0.010264333814667894,2.456590930852443
96,short,2021-04-02,14:00:00,59298.0,2021-04-03,03:00:00,59491.39,5526.4304056375695,closed,-22.46326483831109,-0.40646969543660727,1082.8228162892035,100000,59677.91,58541.9,0.01863951703476532,4.421144324510056
97,short,2021-04-03,15:00:00,59241.92,2021-04-04,07:00:00,57496.56,5414.114081446014,closed,155.15873421639964,2.865819446770126,1237.981550505603,100000,59320.0,56565.19,0.01827798316275372,4.331291265156811
98,short,2021-04-05,03:00:00,57669.91,2021-04-05,12:00:00,57799.92,6189.907752528011,closed,-18.927808745564437,-0.3057849890870209,1219.0537417600387,100000,57799.92,56922.0,0.021466680813367008,4.951926202022409
99,short,2021-04-07,10:00:00,57540.47,2021-04-07,23:00:00,56496.28,6095.26870880019,closed,105.71376768865113,1.7343577902648386,1324.76750944869,100000,57633.41,55550.57,0.021186023363382992,4.876214967040153
100,long,2021-04-09,12:00:00,58590.11,2021-04-09,16:00:00,58301.32,4508.467721651798,closed,-25.844351250997473,-0.5732402413991046,1298.9231581976924,0,58079.37,58790.01,0.015389859215665573,3.606774177321438
101,long,2021-04-10,04:00:00,59286.01,2021-04-10,15:00:00,60506.45,4803.227654162863,closed,95.01869244575721,1.9782258782468156,1393.9418506434495,0,59286.01,61571.56,0.016203578733542237,3.84258212333029
102,long,2021-04-11,03:00:00,60595.37,2021-04-11,05:00:00,59992.72,3674.3761680391513,closed,-39.49506075529565,-1.0748779915033135,1354.4467898881537,0,59901.4,60767.35,0.012127580599108978,2.939500934431321
103,short,2021-04-11,05:00:00,59992.72,2021-04-11,19:00:00,59951.53,6772.233949440768,closed,-0.790661241814715,-0.011675043238575737,1353.656128646339,100000,60211.4,59348.61,0.022576852489571295,5.417787159552614
104,long,2021-04-13,01:00:00,60516.81,2021-04-13,20:00:00,63085.22,4437.323216705743,closed,184.76108938268058,4.163796062614676,1538.4172180290198,0,60296.41,63794.17,0.014664762457590689,3.549858573364595
105,long,2021-04-14,06:00:00,64157.81,2021-04-14,09:00:00,64000.0,4085.7732315088933,closed,-13.331197534063238,-0.32628334414780946,1525.0860204949565,0,63754.71,64944.99,0.01273663559123634,3.268618585207115
106,short,2021-04-15,10:00:00,62729.97,2021-04-15,14:00:00,63015.25,7120.600876623399,closed,-38.10187063307199,-0.5350934744588572,1486.9841498618846,100000,63113.06,62178.62,0.02270238891114853,5.69648070129872
107,short,2021-04-17,11:00:00,61469.83,2021-04-17,23:00:00,60704.5,7434.920749309422,closed,86.59633939609581,1.164724444495782,1573.5804892579804,100000,61517.92,59726.43,0.02419047116059837,5.947936599447538
108,short,2021-04-18,00:00:00,60090.14,2021-04-18,15:00:00,55159.07,7858.269813608989,closed,638.546411261883,8.125788836571191,2212.1269005198633,100000,60431.66,52279.86,0.026154939274925938,6.286615850887192
109,short,2021-04-19,15:00:00,55416.9,2021-04-19,22:00:00,56234.27,7373.616709208081,closed,-114.68245601607502,-1.5553080738908085,2097.4444445037884,100000,56591.6,54238.61,0.02661143697755768,5.898893367366465
110,short,2021-04-20,01:00:00,54641.36,2021-04-20,09:00:00,55250.0,6725.722700424305,closed,-80.32177671261432,-1.194247522389632,2017.122667791174,100000,55387.74,53410.85,0.02461769875575683,5.380578160339445
111,short,2021-04-21,02:00:00,56051.01,2021-04-21,15:00:00,56172.15,6856.13590328265,closed,-20.327166346606717,-0.2964813800857458,1996.7955014445674,100000,56262.3,54309.01,0.024463915648558876,5.484908722626121
112,short,2021-04-21,21:00:00,54948.23,2021-04-22,07:00:00,54461.74,7778.358523756784,closed,62.6155262866347,0.8049966595830391,2059.411027731202,100000,55177.68,52556.84,0.02831158901299199,6.222686819005427
113,short,2021-04-22,09:00:00,53661.54,2021-04-22,10:00:00,54322.27,7056.843472926794,closed,-92.56209246321365,-1.3116642422114533,1966.8489352679883,100000,54360.0,53357.29,0.026301308061329562,5.645474778341435
114,short,2021-04-22,19:00:00,53392.06,2021-04-23,12:00:00,50080.25,6213.395619242489,closed,380.41136216273617,6.122439089257837,2347.2602974307247,100000,53521.06,47735.07,0.02327460532237374,4.970716495393992
115,short,2021-04-24,10:00:00,49555.96,2021-04-24,16:00:00,50225.36,7630.271321773581,closed,-109.20442290671734,-1.4311997346030658,2238.0558745240073,100000,50331.78,48787.37,0.030794565665859693,6.1042170574188654
116,short,2021-04-25,04:00:00,49680.0,2021-04-25,15:00:00,50343.36,8736.75917348307,closed,-123.6835280544956,-1.4156682769726259,2114.3723464695117,100000,50441.67,49240.93,0.03517213837956147,6.989407338786456
117,long,2021-04-25,15:00:00,50343.36,2021-04-25,20:00:00,49354.08,4309.14026200256,closed,-88.14185994035121,-2.045462774038123,2026.2304865291605,0,49350.01,50553.97,0.01711900144131246,3.4473122096020483
118,short,2021-04-25,20:00:00,49354.08,2021-04-26,01:00:00,50911.03,8747.270688216215,closed,-282.97930687834025,-3.2350583052100195,1743.2511796508202,100000,50911.03,46989.33,0.03544700129438626,6.997816550572972
119,long,2021-04-26,01:00:00,50911.03,2021-04-26,17:00:00,53299.84,2593.860289138584,closed,119.62193155476116,4.611733795210974,1862.8731112055814,0,50500.01,53891.99,0.010189777300276912,2.0750882313108674
120,long,2021-04-26,18:00:00,54024.7,2021-04-26,20:00:00,54026.17,3394.2667989459906,closed,-2.6356218098712,-0.07764922341077107,1860.23748939571,0,53701.01,54250.0,0.01256561091110544,2.7154134391567926
121,long,2021-04-27,12:00:00,55144.07,2021-04-27,16:00:00,54985.0,4175.377954294002,closed,-15.399848326952304,-0.36882525355854173,1844.8376410687579,0,54406.43,55234.82,0.015143524786233596,3.340302363435202
122,long,2021-04-28,19:00:00,54966.06,2021-04-28,23:00:00,54480.0,4993.006476431883,closed,-48.165286798451824,-0.9646550034694095,1796.672354270306,0,54055.89,56455.04,0.018167598246743112,3.9944051811455066
123,long,2021-04-29,11:00:00,54434.88,2021-04-29,14:00:00,53631.84,4078.45901672473,closed,-63.4444268513541,-1.5555979989300992,1733.2279274189518,0,53619.22,54493.2,0.014984726766090898,3.2627672133797843
124,short,2021-04-29,14:00:00,53631.84,2021-04-30,00:00:00,53558.8,7823.889048403904,closed,4.366891491850549,0.055814844316349393,1737.5948189108024,100000,53935.67,52429.27,0.02917628426846405,6.259111238723124
125,short,2021-05-02,23:00:00,56427.82,2021-05-03,01:00:00,57456.12,8687.97409455401,closed,-165.30456265981124,-1.9026824995188591,1572.2902562509912,100000,57645.99,56372.31,0.03079322963231261,6.950379275643209
126,long,2021-05-03,01:00:00,57456.12,2021-05-03,14:00:00,57774.53,4475.6364250075085,closed,21.206968100044698,0.4738313412043767,1593.4972243510358,0,57429.19,58981.12,0.015579320096823482,3.580509140006007
127,short,2021-05-03,14:00:00,57774.53,2021-05-04,11:00:00,56450.0,7967.486121755178,closed,176.25979272962124,2.212238465635288,1769.757017080657,100000,58219.01,54598.32,0.027581310040099602,6.373988897404143
128,short,2021-05-04,15:00:00,54899.33,2021-05-05,01:00:00,54599.99,6761.849532065202,closed,31.435044142160855,0.46488825273460316,1801.192061222818,100000,55026.41,53048.95,0.024633632257680383,5.409479625652161
129,long,2021-05-06,11:00:00,58062.54,2021-05-06,14:00:00,57354.69,3795.1826357436175,closed,-49.31691620990742,-1.29946094676533,1751.8751450129105,0,57218.73,58166.08,0.013072740654279394,3.036146108594894
130,long,2021-05-07,10:00:00,56293.78,2021-05-07,23:00:00,57096.62,3755.7852676857815,closed,50.54557728378259,1.3458058350318702,1802.4207222966932,0,56282.56,58711.72,0.013343517765855418,3.0046282141486254
131,long,2021-05-08,03:00:00,58309.8,2021-05-08,07:00:00,57863.03,3905.5427133816715,closed,-33.06211920135579,-0.8465435312760533,1769.3586030953375,0,57627.99,58671.69,0.013395836423317082,3.1244341707053374
132,long,2021-05-08,08:00:00,58500.0,2021-05-08,16:00:00,57660.76,4017.2728702809527,closed,-60.859280488167244,-1.5149401709401675,1708.4993226071701,0,57660.76,59481.98,0.013734266223182745,3.2138182962247623
133,short,2021-05-08,16:00:00,57660.76,2021-05-09,21:00:00,57885.9,6905.727298824288,closed,-32.51237370162005,-0.4708030348542049,1675.98694890555,100000,59559.92,56523.14,0.023952952749232884,5.52458183905943
134,short,2021-05-10,10:00:00,57990.0,2021-05-11,08:00:00,55792.83,8087.153756463453,closed,299.91472583665535,3.7085325056044107,1975.9016747422054,100000,58623.47,54016.77,0.02789154597849096,6.469723005170763
135,short,2021-05-13,19:00:00,47906.68,2021-05-13,20:00:00,48635.63,3835.2354828130915,closed,-61.44129944911591,-1.6020215635898731,1914.4603752930896,100000,49391.04,47906.68,0.01601127643499024,3.0681883862504735
136,short,2021-05-14,21:00:00,49191.01,2021-05-15,15:00:00,49405.83,6109.135695680839,closed,-31.59109766933768,-0.5171123910649522,1882.869277623752,100000,50650.96,47863.2,0.024838423507388196,4.887308556544671
137,short,2021-05-15,17:00:00,47923.37,2021-05-16,03:00:00,48168.43,5587.336806578358,closed,-33.06448257829976,-0.5917753613737883,1849.8047950454522,100000,48797.01,46500.01,0.02331779591701651,4.469869445262686
138,short,2021-05-16,16:00:00,47812.34,2021-05-17,08:00:00,45182.45,5666.772550847052,closed,307.1404115446759,5.420023634066016,2156.9452065901282,100000,48137.27,42244.5,0.023704225941867947,4.533418040677642
139,short,2021-05-17,17:00:00,42629.97,2021-05-17,20:00:00,44246.97,3855.867319889251,closed,-149.35992298989618,-3.8735752711062195,2007.585283600232,100000,44385.37,42235.84,0.018089936820923174,3.084693855911401
140,short,2021-05-18,14:00:00,43717.95,2021-05-19,17:00:00,39638.23,4618.662164108219,closed,427.29336390377034,9.251453098784355,2434.8786475040024,100000,43805.74,29887.95,0.021129362946378866,3.6949297312865754
141,short,2021-05-20,01:00:00,35803.92,2021-05-20,03:00:00,38054.78,1881.8266848614219,closed,-119.81945538050215,-6.36718866537519,2315.0591921235005,100000,38191.49,35680.95,0.010511847221541228,1.5054613478891377
142,short,2021-05-20,19:00:00,39775.58,2021-05-20,23:00:00,41440.0,2840.2148381354677,closed,-121.13601807607111,-4.265030111440231,2193.9231740474293,100000,41440.0,39507.15,0.014281198856863773,2.2721718705083744
143,long,2021-05-20,23:00:00,41440.0,2021-05-21,05:00:00,39924.45,1451.2716065022557,closed,-54.244148017725905,-3.737697876447884,2139.6790260297034,0,39670.0,42155.07,0.007004206595088107,1.1610172852018046
144,short,2021-05-21,05:00:00,39924.45,2021-05-21,14:00:00,41094.55,3105.781113174884,closed,-93.52396636546528,-3.011286467315156,2046.1550596642383,100000,41443.47,39222.64,0.015558291288545661,2.4846248905399073
145,short,2021-05-21,15:00:00,37802.26,2021-05-22,02:00:00,37586.83,2570.7644269744856,closed,12.580228362111866,0.48935749344086915,2058.73528802635,100000,38189.09,33443.17,0.013601114996693243,2.0566115415795885
146,short,2021-05-23,04:00:00,37393.05,2021-05-23,22:00:00,33981.6,3965.8852100163253,closed,358.6224896740513,9.042684563040467,2417.3577777004016,100000,37393.05,31196.81,0.021211884080150324,3.1727081680130604
147,long,2021-05-25,23:00:00,38397.28,2021-05-26,14:00:00,38883.27,2694.2763003376053,closed,31.931693566311424,1.185167741048319,2449.289471266713,0,37825.53,40784.35,0.014033683116812471,2.155421040270084
148,short,2021-05-26,14:00:00,38883.27,2021-05-27,09:00:00,38822.79,5960.994496386081,closed,4.472421724431445,0.07502811363343652,2453.7618929911446,100000,39374.48,37178.97,0.030660973196884322,4.7687955971088645
149,long,2021-05-27,09:00:00,38822.79,2021-05-27,20:00:00,38774.19,3184.8439010510733,closed,-6.551203639252023,-0.20569936369848368,2447.2106893518926,0,38546.42,40337.75,0.01640708409184952,2.547875120840859
150,short,2021-05-27,20:00:00,38774.19,2021-05-28,16:00:00,36741.5,6748.710973864834,closed,348.3592288072549,5.161863208489983,2795.5699181591476,100000,39159.84,35181.92,0.034810326012560594,5.3989687790918675
151,short,2021-05-28,21:00:00,35232.23,2021-05-29,01:00:00,36218.56,5787.809749972336,closed,-166.69344824571112,-2.8800782238308344,2628.8764699134363,100000,36339.87,34729.07,0.03285519962813785,4.6302477999778695
152,short,2021-05-29,11:00:00,35250.0,2021-05-29,23:00:00,34474.99,5663.79540889513,closed,119.9615968861051,2.1180425531914953,2748.8380667995416,100000,35780.9,33688.38,0.03213500941217095,4.531036327116104
153,short,2021-05-31,00:00:00,35651.81,2021-05-31,09:00:00,36118.51,8701.971718591562,closed,-120.92355000432566,-1.3896109285896125,2627.914516795216,100000,36195.03,34211.34,0.048816437194025,6.96157737487325
154,long,2021-05-31,09:00:00,36118.51,2021-05-31,23:00:00,36878.7,3927.2929101552722,closed,79.49455733888767,2.0241565668129584,2707.409074134104,0,35903.04,37425.85,0.021746705000595386,3.141834328124218
155,long,2021-06-01,00:00:00,37243.38,2021-06-01,03:00:00,36848.5,4552.688467264885,closed,-51.937342017114716,-1.1408059741086802,2655.471732116989,0,36688.78,37868.11,0.024448309832592455,3.642150773811908
156,short,2021-06-02,23:00:00,37518.32,2021-06-03,06:00:00,38777.81,11216.48888396751,closed,-385.5705142880896,-3.437533066512568,2269.9012178288995,100000,38838.33,37241.02,0.05979206363167386,8.973191107174008
157,long,2021-06-03,06:00:00,38777.81,2021-06-03,15:00:00,38624.06,4785.355389386164,closed,-22.82640365336965,-0.47700540076915127,2247.07481417553,0,38360.01,39430.53,0.02468089553992948,3.828284311508931
158,short,2021-06-05,10:00:00,36312.98,2021-06-06,02:00:00,36221.49,6816.065072470498,closed,11.68257941765208,0.1713977095793439,2258.757393593182,100000,36627.81,34850.93,0.037540653906512206,5.452852057976399
159,short,2021-06-06,23:00:00,35550.01,2021-06-07,01:00:00,36290.43,9406.843642736865,closed,-203.50000596731044,-2.163318682610773,2055.2573876258716,100000,36390.0,35499.99,0.0529217496295324,7.525474914189492
160,short,2021-06-07,09:00:00,36109.99,2021-06-07,10:00:00,36270.69,8602.699879445396,closed,-45.21433364835109,-0.5255830644096117,2010.0430539775205,100000,36339.1,36040.76,0.04764720167158948,6.882159903556317
161,short,2021-06-07,15:00:00,36061.81,2021-06-08,11:00:00,32790.7,8498.33440224149,closed,764.0247320700664,8.990287930639091,2774.067786047587,100000,36125.81,32226.03,0.04713204579715489,6.798667521793192
162,short,2021-06-08,16:00:00,31686.94,2021-06-08,17:00:00,32155.82,6880.610352837724,closed,-107.36212124743268,-1.5603575226891615,2666.7056648001544,100000,32299.94,31618.52,0.043428682939013516,5.50448828227018
163,short,2021-06-11,16:00:00,36805.77,2021-06-12,00:00:00,37300.42,8713.487553355328,closed,-124.12278321598009,-1.4244902796490915,2542.582881584174,100000,37426.71,36550.53,0.04734848668214429,6.970790042684262
164,long,2021-06-12,13:00:00,36010.0,2021-06-13,04:00:00,34864.96,4031.943187171977,closed,-131.45500791482613,-3.26033879477923,2411.127873669348,0,34864.96,36084.08,0.022393463966520283,3.225554549737582
165,short,2021-06-13,04:00:00,34864.96,2021-06-13,09:00:00,35604.21,9010.114863276634,closed,-198.30337597096752,-2.200897313520509,2212.8244976983806,100000,35668.59,34839.08,0.051685789189355937,7.208091890621308
166,long,2021-06-14,15:00:00,40528.6,2021-06-14,18:00:00,40199.99,3849.4863890640963,closed,-34.31061163826104,-0.8913036226269858,2178.5138860601196,0,39849.97,40700.01,0.01899639459080302,3.079589111251277
167,long,2021-06-15,19:00:00,40588.09,2021-06-15,20:00:00,39950.0,4224.649917254309,closed,-69.81674113101273,-1.652604180191767,2108.697144929107,0,39787.9,40649.79,0.020817190053803024,3.379719933803447
168,short,2021-06-17,17:00:00,38509.83,2021-06-18,05:00:00,37890.36,8877.886787210733,closed,135.66147194023492,1.5280829232432376,2244.358616869342,100000,38518.03,37206.33,0.04610712011562104,7.102309429768587
169,short,2021-06-18,07:00:00,37446.75,2021-06-18,08:00:00,37689.99,9300.751674928453,closed,-67.90445969199104,-0.730096470321184,2176.4541571773507,100000,37786.21,37446.75,0.04967454678939269,7.440601339942763
170,short,2021-06-18,15:00:00,36675.47,2021-06-19,02:00:00,36088.97,7881.787604370056,closed,119.69410236808982,1.5186161867864267,2296.1482595454404,100000,36822.61,35194.32,0.04298124934388056,6.305430083496045
171,short,2021-06-19,04:00:00,35080.9,2021-06-19,06:00:00,35495.0,7254.828925666373,closed,-91.48227002016183,-1.2609845243423017,2204.6659895252787,100000,35529.22,34935.05,0.04136056330177603,5.803863140533099
172,short,2021-06-20,01:00:00,35376.0,2021-06-20,03:00:00,35590.0,8304.921204742952,closed,-56.92984045926983,-0.6854952510176391,2147.7361490660087,100000,35791.4,35310.69,0.04695229084544862,6.643936963794362
173,short,2021-06-20,04:00:00,35522.63,2021-06-20,05:00:00,35788.19,8445.984642204536,closed,-69.94481400889774,-0.8281428036156249,2077.791335057111,100000,35831.49,35454.44,0.04755269889760154,6.756787713763629
174,long,2021-06-20,05:00:00,35788.19,2021-06-20,09:00:00,35320.6,4120.3410858635225,closed,-57.15354691792641,-1.3871071769765495,2020.6377881391847,0,35284.18,35860.0,0.023026261377641744,3.296272868690818
175,short,2021-06-20,09:00:00,35320.6,2021-06-20,19:00:00,34914.57,8584.444438481256,closed,91.76681324444606,1.068989541514014,2112.404601383631,100000,35365.93,33371.46,0.048608712414179016,6.8675555507850055
176,short,2021-06-21,05:00:00,34246.52,2021-06-21,19:00:00,32757.72,6655.743241708126,closed,283.98186310238447,4.266719024297931,2396.3864644860155,100000,34565.4,31728.26,0.03886960334485447,5.324594593366501
177,short,2021-06-21,22:00:00,31507.44,2021-06-22,02:00:00,32603.78,4814.740205571838,closed,-171.41714260288546,-3.5602573614359025,2224.96932188313,100000,32931.77,31193.06,0.030562560497278343,3.8517921644574704
178,short,2021-06-22,11:00:00,31785.02,2021-06-22,17:00:00,32480.01,4758.981392748546,closed,-107.89383582025003,-2.2671623802659173,2117.07548606288,100000,32619.99,28860.47,0.029944806658913827,3.8071851141988367
179,long,2021-06-22,17:00:00,32480.01,2021-06-23,14:00:00,33962.02,1717.5754867285616,closed,76.98553777543445,4.48222150177909,2194.061023838314,0,31726.71,34749.02,0.010576200479793952,1.3740603893828494
180,long,2021-06-24,09:00:00,33354.42,2021-06-25,05:00:00,34764.18,3006.6505209456204,closed,124.65592988542579,4.146006628207003,2318.71695372374,0,33175.91,35483.72,0.01802849829765063,2.4053204167564965
181,short,2021-06-26,08:00:00,30700.0,2021-06-26,12:00:00,31758.44,5343.901197412064,closed,-188.5509373627603,-3.5283387622149798,2130.16601636098,100000,31844.96,30147.37,0.03481368858248902,4.275120957929651
182,long,2021-06-27,23:00:00,34392.99,2021-06-28,11:00:00,34185.0,2991.5297883159415,closed,-20.501756605194593,-0.685326841312715,2109.664259755785,0,33935.7,35168.24,0.017396160021655237,2.393223830652753
183,long,2021-06-29,07:00:00,35330.0,2021-06-29,22:00:00,36226.33,3543.2486061799077,closed,87.03835252903872,2.456456269459388,2196.7026122848238,0,34736.18,36497.82,0.02005801645162699,2.8345988849439263
184,short,2021-07-01,04:00:00,34120.06,2021-07-01,18:00:00,33480.69,8803.132228149396,closed,157.8662905755821,1.7932968230419153,2354.568902860406,100000,34442.85,33015.86,0.0516009188034804,7.042505782519517
185,short,2021-07-02,06:00:00,32843.99,2021-07-02,08:00:00,33340.17,8740.349798140573,closed,-139.08752261507584,-1.5913267297913571,2215.48138024533,100000,33456.01,32744.64,0.0532234347784211,6.9922798385124585
186,long,2021-07-04,06:00:00,35185.64,2021-07-04,14:00:00,35341.27,6148.579883576168,closed,22.24203955558078,0.36174271094684474,2237.723419800911,0,35089.77,35620.62,0.03494937072951448,4.918863906860935
187,short,2021-07-06,14:00:00,34128.75,2021-07-07,01:00:00,34139.96,8499.144810411019,closed,-9.640768942473262,-0.11343222356517343,2228.082650858438,100000,34375.07,33591.73,0.0498063644898276,6.799315848328815
188,long,2021-07-07,01:00:00,34139.96,2021-07-07,16:00:00,34534.9,4515.953542138265,closed,48.60251513450228,1.0762403705218238,2276.6851659929403,0,33985.31,35039.03,0.026455529192994168,3.612762833710612
189,short,2021-07-13,13:00:00,32344.43,2021-07-13,18:00:00,32765.71,11383.425829964688,closed,-157.4440685690702,-1.3830991734898368,2119.24109742387,100000,32867.01,32305.35,0.07038878613699291,9.10674066397175
190,short,2021-07-13,19:00:00,32475.58,2021-07-13,23:00:00,32571.72,10596.205487119341,closed,-39.91099687284346,-0.37665367023467916,2079.3301005510266,100000,32605.99,32238.2,0.06525645107566573,8.476964389695473
191,short,2021-07-14,04:00:00,31808.0,2021-07-14,10:00:00,32312.96,9545.862493360417,closed,-159.2396797188439,-1.6681539235412448,1920.0904208321826,100000,32477.74,31622.39,0.06002177121076721,7.636689994688334
192,short,2021-07-16,10:00:00,31391.87,2021-07-16,14:00:00,31754.45,9600.452104160908,closed,-118.62794187996917,-1.235649536010444,1801.4624789522136,100000,31947.35,31078.33,0.061165213185203106,7.6803616833287265
193,long,2021-07-16,14:00:00,31754.45,2021-07-16,23:00:00,31574.08,4526.784571991436,closed,-29.362748642982247,-0.6486447096391181,1772.0997303092313,0,31545.44,32185.28,0.02851118235076618,3.621427657593149
194,short,2021-07-16,23:00:00,31574.08,2021-07-17,09:00:00,31684.88,8860.49865154615,closed,-38.237852850587075,-0.43155418621856684,1733.8618774586441,100000,31886.1,31200.57,0.05612514221504569,7.08839892123692
195,long,2021-07-17,09:00:00,31684.88,2021-07-17,11:00:00,31262.44,4721.282838367313,closed,-66.75353048366773,-1.413885436839282,1667.1083469749765,0,31246.45,31757.67,0.029801487891810308,3.7770262706938507
196,short,2021-07-17,11:00:00,31262.44,2021-07-17,13:00:00,31489.01,8335.541734874876,closed,-67.1323894712246,-0.8053752426234156,1599.975957503752,100000,31541.16,31262.44,0.05332623899398049,6.668433387899901
197,short,2021-07-18,08:00:00,31705.0,2021-07-18,22:00:00,31790.72,7999.879787518753,closed,-28.079439276904157,-0.3509982652578495,1571.8965182268478,100000,31825.17,31148.96,0.05046446798624036,6.399903830015003
198,long,2021-07-18,22:00:00,31790.72,2021-07-19,03:00:00,31498.13,5265.168574433736,closed,-52.7039182135715,-1.0009920379280497,1519.1926000132762,0,31443.29,31873.25,0.033123934119351404,4.212134859546989
199,short,2021-07-20,03:00:00,30173.76,2021-07-20,13:00:00,29687.65,7595.9630000663765,closed,116.24654566537029,1.5303727211988063,1635.4391456786466,100000,30241.64,29291.49,0.050348136924707944,6.0767704000531015
200,long,2021-07-22,18:00:00,32384.45,2021-07-22,19:00:00,32266.91,4128.574965995874,closed,-18.31310150835953,-0.44356955267111486,1617.126044170287,0,32217.0,32400.5,0.025497267768919182,3.302859972796699
201,long,2021-07-23,02:00:00,32741.29,2021-07-23,08:00:00,32478.19,4455.691547593728,closed,-39.3964824162301,-0.8841833415848985,1577.729561754057,0,32365.62,32834.26,0.02721756868830598,3.564553238074982
202,long,2021-07-23,23:00:00,33117.26,2021-07-24,13:00:00,33803.41,4693.721827344413,closed,93.46497634670968,1.9912764280619875,1671.1945381007665,0,33061.06,33935.97,0.028346075897247615,3.754977461875531
203,long,2021-07-24,18:00:00,34281.92,2021-07-24,20:00:00,33828.05,5048.127244220026,closed,-70.90182618861199,-1.4045174132603875,1600.2927119121546,0,33760.47,34371.13,0.029450668131890085,4.038501795376021
204,long,2021-07-25,08:00:00,34672.76,2021-07-25,11:00:00,34328.32,4366.687641694892,closed,-46.89731417141583,-1.073979135205857,1553.3953977407386,0,34258.47,34744.0,0.02518800142645057,3.4933501133559135
205,long,2021-07-25,23:00:00,34620.07,2021-07-26,14:00:00,38300.01,4869.726328729071,closed,513.7035987440917,10.548921316450262,2067.0989964848304,0,34581.98,39814.35,0.028132388690889826,3.8957810629832568
206,long,2021-07-27,12:00:00,38030.0,2021-07-28,13:00:00,39669.85,2950.3057380738273,closed,124.84114387740175,4.231464633184324,2191.9401403622323,0,37411.16,40786.49,0.015515675719557335,2.360244590459062
207,long,2021-08-01,04:00:00,42420.62,2021-08-01,07:00:00,41700.91,4870.978297923279,closed,-86.56096780248622,-1.7770756202997482,2105.379172559746,0,41660.57,42420.62,0.022965144299745166,3.8967826383386233
208,short,2021-08-02,09:00:00,39539.11,2021-08-02,11:00:00,39700.64,8149.136296238796,closed,-39.852376301041524,-0.4890380385395596,2065.5267962587045,100000,39796.46,39365.65,0.0412206359538128,6.519309036991037
209,short,2021-08-02,13:00:00,39256.07,2021-08-02,14:00:00,39557.43,8061.701406730821,closed,-68.3782978787008,-0.848186932619594,1997.1484983800037,100000,39605.93,39139.5,0.04107238145199365,6.449361125384657
210,short,2021-08-02,21:00:00,38840.0,2021-08-02,23:00:00,39410.01,8188.207941281743,closed,-126.76163870622517,-1.5480998970133935,1870.3868596737786,100000,39481.51,38799.01,0.04216378960495234,6.550566353025395
211,short,2021-08-03,03:00:00,38891.43,2021-08-03,10:00:00,38628.35,7255.647821173517,closed,43.238797950002066,0.5959329754652934,1913.6256576237806,100000,38967.8,38034.62,0.03731232212944351,5.804518256938813
212,short,2021-08-04,08:00:00,37827.97,2021-08-04,11:00:00,38080.99,9159.03391900564,closed,-68.63769579029172,-0.7493988601555854,1844.987961833489,100000,38080.99,37574.74,0.04842466523583285,7.327227135204512
213,long,2021-08-05,17:00:00,39727.25,2021-08-06,04:00:00,40224.62,3361.48074462649,closed,39.37834793690454,1.1714583818411863,1884.3663097703934,0,39674.55,41335.29,0.016922796038620798,2.689184595701192
214,long,2021-08-06,16:00:00,42213.52,2021-08-07,06:00:00,43420.0,3219.026434003904,closed,89.41064515369384,2.7775679071539243,1973.7769549240872,0,42213.52,43929.65,0.015251163295569307,2.5752211472031235
215,long,2021-08-08,00:00:00,44601.11,2021-08-08,03:00:00,43931.55,3488.2857845421745,closed,-55.173053348788855,-1.5816666625561508,1918.6039015752983,0,43862.53,44793.48,0.0156421478503211,2.7906286276337395
216,long,2021-08-08,06:00:00,44739.05,2021-08-08,10:00:00,44731.9,3558.5542818912677,closed,-3.431464108605436,-0.09642860096493211,1915.1724374666928,0,44480.35,45263.73,0.015908045798430085,2.8468434255130144
217,long,2021-08-11,00:00:00,45589.99,2021-08-11,22:00:00,46336.66,4177.291667462383,closed,65.05526241030792,1.5573550421923883,1980.2276998770008,0,45372.76,46717.07,0.018325477445651484,3.3418333339699067
218,short,2021-08-12,23:00:00,43970.0,2021-08-13,00:00:00,44385.09,9717.496903554877,closed,-99.55428610772611,-1.0244848760518457,1880.6734137692747,100000,44513.99,43970.0,0.04420057722790483,7.773997522843902
219,long,2021-08-15,01:00:00,47199.62,2021-08-15,05:00:00,46737.35,4985.801082693275,closed,-52.840377950334094,-1.059817210392804,1827.8330358189405,0,46509.88,47345.37,0.02112644585991699,3.98864086615462
220,short,2021-08-15,05:00:00,46737.35,2021-08-15,19:00:00,46290.45,9139.165179094685,closed,80.03775986775203,0.8757666405990102,1907.8707956866926,100000,46859.01,45531.89,0.03910861518290912,7.311332143275749
221,short,2021-08-17,07:00:00,45772.01,2021-08-17,09:00:00,46222.4,9539.353978433446,closed,-101.53903736580145,-1.0644225761551642,1806.3317583208911,100000,46342.92,45672.0,0.04168204096098663,7.6314831827467575
222,short,2021-08-17,16:00:00,45754.47,2021-08-18,05:00:00,45087.12,8851.170361523391,closed,121.978766657626,1.378108901709491,1928.3105249785172,100000,46192.16,44324.57,0.038689860735020606,7.080936289218713
223,short,2021-08-18,21:00:00,44552.09,2021-08-19,09:00:00,44713.3,8651.418417696395,closed,-38.2647921652772,-0.4422950124225517,1890.04573281324,100000,45191.86,44009.74,0.03883731792468725,6.921134734157117
224,long,2021-08-20,15:00:00,48600.02,2021-08-21,02:00:00,49067.0,5030.197656461858,closed,44.2884899371828,0.8804522796492744,1934.3342227504227,0,48283.27,49378.76,0.020700393359763467,4.024158125169486
225,long,2021-08-21,18:00:00,49674.49,2021-08-21,20:00:00,48999.94,5113.69233136045,closed,-73.55244004411992,-1.438343085152954,1860.7817827063027,0,48886.83,49674.49,0.020588806573999856,4.090953865088361
226,short,2021-08-21,20:00:00,48999.94,2021-08-22,23:00:00,49283.09,9303.9089135315,closed,-61.244470370206656,-0.6582660142032709,1799.537312336096,100000,49447.47,48189.72,0.037975184922803995,7.443127130825201
227,long,2021-08-22,23:00:00,49283.09,2021-08-23,14:00:00,50209.99,5144.12171584649,closed,92.6127607518225,1.800360991975141,1892.1500730879184,0,49127.34,50479.99,0.020875808379086987,4.115297372677192
228,long,2021-08-24,07:00:00,49808.72,2021-08-24,13:00:00,49381.73,6320.666995760813,closed,-59.266433668705446,-0.9376610681824348,1832.8836394192128,0,49085.03,49853.75,0.025379760795944218,5.05653359660865
229,short,2021-08-24,13:00:00,49381.73,2021-08-25,03:00:00,48217.15,9164.418197096047,closed,208.75780172792335,2.2779165816993485,2041.6414411471362,100000,49420.0,47655.31,0.037116634824644855,7.3315345576768385
230,short,2021-08-25,09:00:00,47300.0,2021-08-25,14:00:00,47678.66,10208.207205735662,closed,-89.93149984418785,-0.880972515856244,1951.7099413029484,100000,47899.99,47157.5,0.04316366683186326,8.16656576458853
231,short,2021-08-26,04:00:00,47945.44,2021-08-26,18:00:00,46962.68,9619.614239908815,closed,189.44189181858943,1.9693294044230318,2141.151833121538,100000,48086.59,46296.75,0.04012733740647209,7.695691391927053
232,long,2021-08-29,01:00:00,49620.82,2021-08-29,03:00:00,48617.69,7522.412305676216,closed,-158.12065484292066,-2.101993993650241,1983.0311782786173,0,48617.53,49672.1,0.030319580795626577,6.017929844540974
233,short,2021-08-29,03:00:00,48617.69,2021-08-29,17:00:00,48685.82,9915.155891393064,closed,-21.86743513322824,-0.22054555039533424,1961.1637431453892,100000,48722.44,47849.32,0.04078826407175275,7.932124713114452
234,short,2021-08-31,00:00:00,47024.7,2021-08-31,08:00:00,47789.0,9805.818715726924,closed,-167.26190608047298,-1.7057413657078153,1793.9018370649162,100000,47875.65,46754.0,0.04170497085883344,7.84465497258154
235,long,2021-08-31,08:00:00,47789.0,2021-08-31,18:00:00,47145.16,5113.172258411428,closed,-72.99943862715389,-1.4276741509552335,1720.9023984377623,0,47104.6,48245.54,0.021398950630527644,4.0905378067291425
236,short,2021-08-31,18:00:00,47145.16,2021-09-01,05:00:00,47191.77,8604.51199218879,closed,-15.426951187125617,-0.17928908927235226,1705.4754472506365,100000,47432.84,46562.02,0.036502207192376866,6.883609593751033
237,long,2021-09-03,09:00:00,50045.59,2021-09-03,21:00:00,50187.12,4710.3350453901885,closed,9.53383614439636,0.20240250539559249,1715.009283395033,0,49614.09,51011.94,0.018824176297612592,3.768268036312151
238,short,2021-09-03,21:00:00,50187.12,2021-09-04,22:00:00,50239.61,8575.046416975147,closed,-15.86272937235379,-0.1849870962908371,1699.146554022679,100000,50564.26,49536.0,0.03417229925516804,6.860037133580118
239,short,2021-09-04,23:00:00,49889.78,2021-09-05,01:00:00,50188.31,8495.732770113376,closed,-57.667330693535966,-0.6787799505229304,1641.4792233291432,100000,50277.28,49761.69,0.03405800855451107,6.796586216090701
240,short,2021-09-05,04:00:00,49694.34,2021-09-05,09:00:00,50176.8,8207.396116645696,closed,-86.28086651655865,-1.0512574912958024,1555.1983568125845,100000,50199.38,49509.03,0.033031512710082055,6.565916893316557
241,long,2021-09-06,23:00:00,52619.61,2021-09-07,07:00:00,52380.91,5915.476187436157,closed,-31.58942647306247,-0.5340132471525294,1523.608930339522,0,52370.79,52885.18,0.022483922581091564,4.732380949948926
242,short,2021-09-08,08:00:00,45111.16,2021-09-08,09:00:00,45988.0,3937.1406015751927,closed,-79.69462494206792,-2.024175232913533,1443.914305397454,100000,45988.0,44549.99,0.01745528424263616,3.1497124812601545
243,short,2021-09-09,21:00:00,46271.18,2021-09-10,02:00:00,46900.27,6590.989253646735,closed,-94.91052330055498,-1.4400042186086381,1349.003782096899,100000,47036.94,46243.38,0.028488528944568672,5.272791402917388
244,long,2021-09-10,02:00:00,46900.27,2021-09-10,05:00:00,46572.97,3392.063119390497,closed,-26.400095618330944,-0.7782902230626725,1322.603686478568,0,46496.43,46956.83,0.014465004655156558,2.7136504955123977
245,short,2021-09-10,05:00:00,46572.97,2021-09-10,06:00:00,46703.41,6613.018432392823,closed,-23.840331747295398,-0.36050605318922607,1298.7633547312728,100000,46722.96,46350.62,0.028398525721648516,5.2904147459142585
246,short,2021-09-10,07:00:00,46413.0,2021-09-11,03:00:00,45311.01,6493.816773656345,closed,148.96051469877492,2.2938823174541567,1447.7238694300477,100000,46496.99,44299.99,0.02798274954713699,5.195053418925076
247,short,2021-09-11,22:00:00,45395.31,2021-09-12,06:00:00,45367.35,7238.61934715022,closed,-1.36435729399847,-0.018848308338462436,1446.3595121360493,100000,45490.79,44775.24,0.031891485473500326,5.790895477720176
248,long,2021-09-12,06:00:00,45367.35,2021-09-12,21:00:00,45115.83,4817.283140101064,closed,-30.582443282207926,-0.6348483656197614,1415.7770688538412,0,45053.55,46200.0,0.021236784339843807,3.8538265120808517
249,short,2021-09-12,21:00:00,45115.83,2021-09-13,01:00:00,46062.41,7078.885344269191,closed,-154.21733117782446,-2.1785538778739117,1261.5597376760168,100000,46398.41,44936.76,0.03138093810651024,5.663108275415353
250,long,2021-09-13,01:00:00,46062.41,2021-09-13,02:00:00,45190.99,3592.944153245529,closed,-70.86215671752753,-1.9722587854174491,1190.6975809584892,0,45152.57,46092.25,0.015600330739297091,2.8743553225964233
251,short,2021-09-13,02:00:00,45190.99,2021-09-13,14:00:00,46169.0,5953.487904792435,closed,-133.63275761923995,-2.244612901819593,1057.0648233392492,100000,46700.32,44230.02,0.02634811897146947,4.762790323833948
252,long,2021-09-13,14:00:00,46169.0,2021-09-13,16:00:00,44361.98,2035.9015914123295,closed,-81.32120051314338,-3.994358119084228,975.7436228261058,0,43572.08,46169.0,0.008819344544661266,1.6287212731298637
253,long,2021-09-13,19:00:00,44725.01,2021-09-15,04:00:00,47067.69,1624.066543393054,closed,83.76150799412288,5.157516995524429,1059.5051308202287,0,44632.87,47393.32,0.007262453573036894,1.2992532347144432
254,long,2021-09-15,12:00:00,47538.1,2021-09-15,13:00:00,47395.78,3231.9094072509974,closed,-12.274844699213517,-0.3798016327955886,1047.2302861210153,0,47307.23,47626.67,0.013597133277312294,2.585527525800798
255,long,2021-09-15,14:00:00,47712.19,2021-09-15,21:00:00,47909.98,3160.4289659182004,closed,10.559908684406768,0.334128967880118,1057.790194805422,0,47612.3,48389.73,0.013247888918610529,2.5283431727345604
256,short,2021-09-17,11:00:00,47462.69,2021-09-18,02:00:00,47590.25,5288.9509740271005,closed,-18.467951328634072,-0.34917985474484836,1039.322243476788,100000,47719.28,46809.87,0.022286772932706093,4.231160779221681
257,long,2021-09-18,02:00:00,47590.25,2021-09-18,16:00:00,48420.21,2957.696033375128,closed,49.20276455222402,1.6635504121117226,1088.5250080290118,0,47532.17,48771.59,0.012429840286088551,2.3661568267001027
258,long,2021-09-19,09:00:00,48250.04,2021-09-19,12:00:00,47344.16,4350.415387648093,closed,-85.17610654036103,-1.9578844535672868,1003.3489014886508,0,47300.37,48306.74,0.018032794947519602,3.4803323101184747
259,short,2021-09-19,12:00:00,47344.16,2021-09-20,20:00:00,43852.02,5016.744507443247,closed,366.0041697140639,7.295650977860853,1369.3530712027145,100000,47782.73,42635.48,0.021192664554374803,4.013395605954598
260,short,2021-09-21,01:00:00,41673.94,2021-09-21,03:00:00,42874.08,3186.84513016729,closed,-94.34059745107157,-2.96031321252562,1275.012473751643,100000,43056.54,41577.52,0.015294186871542695,2.549476104133832
261,short,2021-09-21,18:00:00,41687.77,2021-09-22,03:00:00,42005.0,3499.3427283488586,closed,-29.445091404703426,-0.8414463426563792,1245.5673823469397,100000,42754.66,39660.24,0.016788342136549204,2.799474182679087
262,short,2021-09-23,11:00:00,43755.94,2021-09-23,18:00:00,44801.59,4881.9473908650525,closed,-120.59336484213263,-2.470189766235154,1124.974017504807,100000,44880.36,43380.01,0.022314444122855333,3.9055579126920423
263,long,2021-09-23,18:00:00,44801.59,2021-09-24,02:00:00,44446.3,2195.408399583687,closed,-19.176372123591023,-0.8734763029615548,1105.7976453812162,0,44355.01,44952.51,0.009800582522109982,1.7563267196669494
264,long,2021-09-24,21:00:00,42918.11,2021-09-26,03:00:00,42053.76,1758.3322610972355,closed,-36.82682192319905,-2.09441768987497,1068.970823458017,0,41680.06,43120.01,0.00819389419104073,1.4066658088777884
265,short,2021-09-26,03:00:00,42053.76,2021-09-26,10:00:00,43234.86,5135.062383053583,closed,-148.35315885986796,-2.88902349754219,920.6176645981491,100000,43654.01,40752.21,0.024421418598734493,4.108049906442867
266,long,2021-09-26,10:00:00,43234.86,2021-09-27,00:00:00,43150.0,1600.1296116175038,closed,-4.428188932641288,-0.27673939039007084,916.1894756655078,0,42714.69,43870.63,0.007402034430630764,1.280103689294003
267,short,2021-09-27,00:00:00,43150.0,2021-09-27,01:00:00,43851.2,3886.741665489966,closed,-66.28808636077322,-1.7054924681344081,849.9013893047345,100000,43921.38,42930.09,0.01801502510076462,3.109393332391973
268,long,2021-09-27,01:00:00,43851.2,2021-09-27,08:00:00,43665.96,1703.8024797729465,closed,-8.568161384178936,-0.502884664501765,841.3332279205556,0,43649.99,44279.94,0.007770836281665937,1.3630419838183574
269,short,2021-09-29,16:00:00,41694.15,2021-09-30,01:00:00,42305.62,4130.110877109689,closed,-63.89448136352852,-1.5470403401916124,777.4387465570271,100000,42361.81,40917.39,0.01981146456809739,3.304088701687751
270,long,2021-09-30,01:00:00,42305.62,2021-09-30,14:00:00,43051.49,1858.5796128919449,closed,31.27207140968327,1.6825790615998426,808.7108179667104,0,42233.27,43766.28,0.008786443091447164,1.486863690313556
271,long,2021-09-30,19:00:00,43975.01,2021-09-30,21:00:00,43417.83,1800.1440745733566,closed,-24.256808292490245,-1.3474926054593286,784.4540096742201,0,43155.04,44089.39,0.008187122979953191,1.4401152596586855
272,long,2021-09-30,22:00:00,43729.27,2021-10-01,02:00:00,43716.8,1687.341093060254,closed,-1.8387585029771751,-0.10897372858040826,782.6152511712429,0,43450.01,43985.93,0.007717215919955921,1.3498728744482034
273,long,2021-10-01,08:00:00,44753.98,2021-10-02,00:00:00,48123.94,1882.2225910858986,closed,140.21655362897357,7.449520279537147,922.8318048002164,0,44713.84,48402.84,0.008411419905384498,1.505778072868719
274,long,2021-10-03,18:00:00,48922.0,2021-10-03,22:00:00,47760.27,3055.759213087047,closed,-75.02091869180242,-2.4550664322799625,847.810886108414,0,47653.55,49133.23,0.012492372401320662,2.4446073704696376
275,short,2021-10-03,22:00:00,47760.27,2021-10-04,14:00:00,48101.09,4239.054430542064,closed,-33.65912816701752,-0.7940244391415705,814.1517579413965,100000,48246.1,47285.58,0.017751383861699548,3.3912435444336517
276,long,2021-10-04,14:00:00,48101.09,2021-10-04,15:00:00,47452.16,2543.8137441004847,closed,-36.36412369837152,-1.4295120380847772,777.787634243025,0,47287.51,48387.61,0.01057694843963197,2.035050995280388
277,short,2021-10-04,15:00:00,47452.16,2021-10-04,16:00:00,47747.79,3888.938171215119,closed,-27.355875733687235,-0.7034278903215309,750.4317585093378,100000,47747.79,46976.74,0.01639098482014357,3.111150536972095
278,long,2021-10-05,09:00:00,49901.49,2021-10-05,15:00:00,49814.12,1914.9434756409596,closed,-4.89240754779226,-0.2554857420088966,745.5393509615456,0,49633.86,50295.48,0.007674894980654725,1.5319547805127678
279,long,2021-10-05,19:00:00,50580.01,2021-10-06,05:00:00,51300.86,1865.9940297824105,closed,25.09337187188424,1.3447723557191833,770.6327228334297,0,50542.84,51830.51,0.007378385373124324,1.4927952238259286
280,long,2021-10-06,13:00:00,52706.47,2021-10-07,01:00:00,54845.91,1716.2873547146949,closed,68.28730898354128,3.978780639264976,838.920031816971,0,52604.07,55972.86,0.006512624938512084,1.373029883771756
281,long,2021-10-08,08:00:00,54851.88,2021-10-08,15:00:00,54591.82,2079.222355734772,closed,-11.528826622234131,-0.55447781188174,827.3912051947369,0,54184.67,56027.94,0.0075812254957706915,1.6633778845878178
282,short,2021-10-08,15:00:00,54591.82,2021-10-09,05:00:00,54714.83,3526.3002245539533,closed,-10.779658351143944,-0.3056931532965965,816.611546843593,100000,54759.95,53746.67,0.012918786091227416,2.8210401796431626
283,long,2021-10-09,05:00:00,54714.83,2021-10-09,19:00:00,54925.66,2093.1526488907225,closed,6.383270300892318,0.30495961698135904,822.9948171444853,0,54439.63,55436.2,0.0076511346152066,1.674522119112578
284,long,2021-10-10,05:00:00,55919.84,2021-10-10,11:00:00,55052.97,2243.4994564777658,closed,-36.581577812905486,-1.6305587998821085,786.4132393315798,0,54853.45,56035.71,0.008023983818543709,1.7947995651822126
285,short,2021-10-10,11:00:00,55052.97,2021-10-10,21:00:00,55460.6,3932.066196657892,closed,-32.27422780048151,-0.8207956373652455,754.1390115310983,100000,56423.39,54835.9,0.014284665102202086,3.1456529573263134
286,short,2021-10-13,06:00:00,55023.16,2021-10-13,15:00:00,55773.72,3275.245672713578,closed,-47.30907738846078,-1.4444436270108763,706.8299341426375,100000,55838.96,54354.82,0.01190497118927222,2.6201965381708625
287,long,2021-10-15,03:00:00,59117.92,2021-10-16,01:00:00,61482.67,1531.3874852857782,closed,60.02606864478971,3.919717852048922,766.8560027874272,0,58848.17,62912.04,0.0051807894637895865,1.2251099882286227
288,short,2021-10-18,10:00:00,61295.23,2021-10-19,00:00:00,62037.92,3359.9147990268943,closed,-43.40965039789358,-1.291986642353728,723.4463523895337,100000,62363.15,60078.39,0.01096305470760741,2.6879318392215157
289,long,2021-10-19,04:00:00,62634.99,2021-10-19,12:00:00,62176.5,1673.184371593361,closed,-13.591649787323036,-0.8123223010014018,709.8547026022106,0,61837.65,62846.07,0.005342650718371189,1.338547497274689
290,long,2021-10-19,14:00:00,62637.36,2021-10-19,16:00:00,62427.11,1753.6065205155573,closed,-7.294680340640207,-0.41598159309396177,702.5600222615705,0,61400.0,62780.93,0.005599235090736766,1.402885216412446
291,long,2021-10-19,17:00:00,63207.77,2021-10-20,04:00:00,63871.45,1609.8628141286956,closed,15.610535051758793,0.9696810756019398,718.1705573133293,0,63097.77,64446.01,0.005093876319726818,1.2878902513029566
292,long,2021-10-20,14:00:00,66140.27,2021-10-20,22:00:00,65903.77,1920.1127333937354,closed,-8.4077084004643,-0.4378757691796541,709.7628489128649,0,65730.0,67049.75,0.005806183535064902,1.5360901867149883
293,short,2021-10-22,15:00:00,61630.01,2021-10-23,02:00:00,61058.69,2810.7363951787684,closed,23.798263221127367,0.8466913959611553,733.5611121339923,100000,61744.03,60172.37,0.009121323832914415,2.2485891161430147
294,short,2021-10-24,07:00:00,60761.08,2021-10-24,20:00:00,60688.24,3667.8055606699513,closed,1.4506248778005548,0.0395502120765526,735.0117370117929,100000,61320.27,59613.43,0.012072878101146167,2.9342444485359613
295,short,2021-10-28,22:00:00,60762.49,2021-10-29,03:00:00,61636.55,2331.903252388452,closed,-35.417303271747365,-1.5188152954232208,699.5944337400455,100000,62052.65,60349.77,0.007675469693188848,1.8655226019107618
296,long,2021-10-29,03:00:00,61636.55,2021-10-29,06:00:00,61032.54,1228.475921078473,closed,-13.02526910252936,-1.0602787469447947,686.5691646375161,0,60739.59,61884.44,0.003986193000998508,0.9827807368627784
297,short,2021-10-29,06:00:00,61032.54,2021-10-29,16:00:00,62346.25,2594.1212145277987,closed,-57.92160133615005,-2.232802423100856,628.6475633013661,100000,62522.74,60466.51,0.008500780778672487,2.075296971622239
298,long,2021-10-29,16:00:00,62346.25,2021-10-30,01:00:00,61966.11,1297.438412312555,closed,-8.952905129496479,-0.6900447099865661,619.6946581718696,0,61938.0,63012.36,0.004162041541592494,1.037950729850044
299,short,2021-11-01,04:00:00,59934.99,2021-11-01,08:00:00,62257.67,3098.4732908593387,closed,-122.56525295880883,-3.9556659507242764,497.12940521306075,100000,62394.51,59723.51,0.010339447093790586,2.478778632687471
300,long,2021-11-01,08:00:00,62257.67,2021-11-01,17:00:00,61119.18,1089.9941719230235,closed,-20.807939995072587,-1.9089955277799473,476.32146521798813,0,61119.18,62498.77,0.0035015578704536278,0.8719953375384188
301,short,2021-11-01,17:00:00,61119.18,2021-11-02,05:00:00,61472.67,2367.9192052708904,closed,-15.597224436227435,-0.6586890465480688,460.7242407817607,100000,61557.71,60439.65,0.007748530674890896,1.8943353642167124
302,short,2021-11-04,02:00:00,62400.0,2021-11-04,23:00:00,61192.74,2303.6212039087945,closed,42.718144870048505,1.8543910256410285,503.4423856518092,100000,62863.51,60785.44,0.00738340129457947,1.8428969631270358
303,short,2021-11-05,12:00:00,61311.01,2021-11-06,01:00:00,61241.0,2517.211928259037,closed,0.8523806759549579,0.033862094263333815,504.2947663277642,100000,61956.22,60808.92,0.008211288407282925,2.0137695426072297
304,short,2021-11-06,11:00:00,60566.45,2021-11-06,18:00:00,60752.76,2521.4738316388116,closed,-9.781875268224828,-0.38794276369178804,494.51289105953936,100000,60907.88,60128.41,0.00832630550953147,2.0171790653110495
305,long,2021-11-07,18:00:00,62489.79,2021-11-08,13:00:00,65857.68,2031.2963792181922,closed,107.84527001926578,5.309184377159841,602.3581610788051,0,62163.0,66399.29,0.00650121045123753,1.6250371033745539
306,long,2021-11-09,01:00:00,67673.98,2021-11-09,09:00:00,68124.53,1689.5589925309198,closed,9.891860167095517,0.585469948715892,612.2500212459006,0,67358.01,68595.1,0.004993230758796572,1.3516471940247359
307,long,2021-11-10,14:00:00,68036.3,2021-11-10,21:00:00,65891.13,1602.8419608517288,closed,-51.82424980125826,-3.2332725912490803,560.4257714446424,0,65391.81,69154.88,0.004711725831215774,1.282273568681383
308,short,2021-11-10,21:00:00,65891.13,2021-11-11,09:00:00,65399.99,2263.867971190584,closed,15.056477051498074,0.6650775240916443,575.4822484961404,100000,66178.16,62691.21,0.006871540892349497,1.8110943769524672
309,short,2021-11-12,08:00:00,64534.11,2021-11-12,09:00:00,64919.19,2877.4112424806935,closed,-19.480580772136708,-0.6770176082075072,556.0016677240037,100000,64970.0,64353.83,0.008917489502778278,2.301928993984555
310,short,2021-11-12,10:00:00,63867.68,2021-11-12,20:00:00,63892.78,2780.0083386200095,closed,-3.3252555493127938,-0.11961315018801146,552.6764121746909,100000,64258.0,62364.06,0.008705524730567979,2.224006670896008
311,short,2021-11-13,13:00:00,63584.99,2021-11-13,14:00:00,63644.96,2763.382060873446,closed,-4.825673404497074,-0.1746292513374637,547.8507387701939,100000,63798.06,63527.11,0.008691932045199491,2.210705648698757
312,short,2021-11-14,09:00:00,64341.07,2021-11-14,23:00:00,64566.18,2739.25369385096,closed,-11.783740318471857,-0.43018068552481425,536.066998451722,100000,64826.32,63685.61,0.008514790611505094,2.1914029550807683
313,long,2021-11-14,23:00:00,64566.18,2021-11-15,13:00:00,65728.9,1879.2465317330632,closed,32.33260914931791,1.7205091829809258,568.39960760104,0,64446.46,66354.62,0.005821148259764054,1.5033972253864507
314,short,2021-11-18,05:00:00,59709.68,2021-11-19,09:00:00,57043.71,2479.8009027414555,closed,108.72817201177381,4.384552481272721,677.1277796128138,100000,60023.5,55686.56,0.008306193912750682,1.9838407221931644
315,long,2021-11-20,20:00:00,59460.97,2021-11-21,04:00:00,58713.53,1865.8968917505213,closed,-24.953807235757182,-1.3373626027291554,652.1739723770567,0,58615.32,59850.0,0.0062760391959650885,1.4927175134004171
316,short,2021-11-21,04:00:00,58713.53,2021-11-21,17:00:00,59857.52,3260.8698618852736,closed,-66.15545738162945,-2.0287671751298175,586.0185149954273,100000,59914.44,58541.96,0.01110772887232389,2.608695889508219
317,long,2021-11-21,17:00:00,59857.52,2021-11-21,23:00:00,59135.61,1813.4267484782251,closed,-23.32758476522349,-1.2863814204130009,562.6909302302038,0,58966.0,60009.93,0.0060591442762019726,1.4507413987825801
318,long,2021-11-22,14:00:00,58880.96,2021-11-22,19:00:00,56457.77,1127.671666923939,closed,-47.31422438012955,-4.195744716118764,515.3767058500742,0,56451.06,58971.21,0.0038303440260618682,0.9021373335391513
319,short,2021-11-22,19:00:00,56457.77,2021-11-23,02:00:00,56873.48,1989.5444025231216,closed,-16.248101982762595,-0.8166745091065525,499.12860386731165,100000,56999.99,55669.28,0.007047902892810403,1.5916355220184972
320,short,2021-11-24,03:00:00,56284.87,2021-11-24,18:00:00,56587.22,2235.447022206431,closed,-13.804632978595727,-0.617533443712313,485.3239708887159,100000,57305.79,55936.3,0.007943331919240218,1.788357617765145
321,long,2021-11-24,18:00:00,56587.22,2021-11-25,23:00:00,58900.0,1234.6145419829904,closed,49.46795714186189,4.006753157338351,534.7919280305778,0,56587.22,59410.0,0.004363580829674935,0.9876916335863923
322,short,2021-11-28,02:00:00,54262.16,2021-11-28,08:00:00,54533.56,2673.9596401528797,closed,-15.523217264619042,-0.5805329680941453,519.2687107659588,100000,54653.65,53780.01,0.009855706592413128,2.139167712122304
323,short,2021-11-28,17:00:00,54213.61,2021-11-28,20:00:00,54644.88,2596.3435538297836,closed,-22.74060108990347,-0.8758702620983858,496.5281096760553,100000,54890.32,53512.76,0.009578198366903748,2.077074843063827
324,long,2021-11-29,18:00:00,58656.01,2021-11-29,23:00:00,58112.43,1280.187847591066,closed,-12.892338171573826,-1.0070661267276817,483.63577150448145,0,57826.17,58867.25,0.004365069658134149,1.0241502780728529
325,long,2021-11-30,13:00:00,57857.9,2021-11-30,17:00:00,56814.87,1096.2958700955828,closed,-20.64423772756592,-1.883089984254525,462.99153377691556,0,56696.81,59160.45,0.0037896151436384064,0.8770366960764663
326,short,2021-11-30,17:00:00,56814.87,2021-11-30,19:00:00,58366.0,1711.340131298879,closed,-48.09721362657889,-2.8104999553813945,414.8943201503367,100000,58366.0,56554.56,0.00602426840472883,1.3690721050391033
327,long,2021-11-30,19:00:00,58366.0,2021-11-30,22:00:00,57135.99,736.3004440535688,closed,-16.108420975452265,-2.1877510879621735,398.78589917488443,0,56894.66,58366.0,0.002523045759701089,0.589040355242855
328,short,2021-11-30,22:00:00,57135.99,2021-12-01,14:00:00,57677.9,1381.5783183105705,closed,-14.213767856699707,-1.0288065228238865,384.57213131818474,100000,57909.36,56704.08,0.004836105293040589,1.1052626546484565
329,long,2021-12-01,14:00:00,57677.9,2021-12-01,21:00:00,56835.21,850.6460614032954,closed,-13.111639665595249,-1.5413742872053289,371.4604916525895,0,56731.61,59080.44,0.002949642970369225,0.6805168491226364
330,short,2021-12-01,21:00:00,56835.21,2021-12-02,15:00:00,57105.48,1532.6163325024993,closed,-8.51957785213998,-0.5558845792951307,362.9409138004495,100000,57366.84,55815.86,0.005393193171987926,1.2260930660019995
331,short,2021-12-02,17:00:00,56374.21,2021-12-02,18:00:00,56613.3,1577.2703107906987,closed,-7.956810514079688,-0.5044671455263032,354.9841032863698,100000,56654.57,56327.78,0.005595715880686217,1.261816248632559
332,short,2021-12-03,03:00:00,56295.79,2021-12-03,06:00:00,56762.79,1774.9205164318391,closed,-16.150040836175243,-0.9099022005020269,338.83406245019455,100000,57060.94,56132.79,0.0063056953865709645,1.4199364131454715
333,long,2021-12-03,06:00:00,56762.79,2021-12-03,15:00:00,56293.21,901.4017816031779,closed,-8.181299632899583,-0.9076196430795627,330.65276281729496,0,56232.29,57529.99,0.003176030570742481,0.7211214252825424
334,short,2021-12-05,16:00:00,47954.99,2021-12-05,18:00:00,49251.02,1094.1923654763823,closed,-30.451524587056465,-2.7830138052369504,300.2012382302385,100000,49300.65,47939.05,0.004563414007494871,0.8753538923811058
335,short,2021-12-06,06:00:00,48666.74,2021-12-06,15:00:00,48212.09,1166.5014105227863,closed,9.959588608722205,0.8537999627671824,310.1608268389607,100000,49291.31,47250.79,0.004793834189521576,0.9332011284182291
336,long,2021-12-08,16:00:00,50626.17,2021-12-09,03:00:00,49867.61,600.9632221430855,closed,-9.487710159225102,-1.578750547394752,300.6731166797356,0,49671.0,50808.72,0.002374120823846977,0.48077057771446846
337,short,2021-12-09,03:00:00,49867.61,2021-12-10,02:00:00,48391.55,1313.1204524405068,closed,37.812042888251156,2.879556313206103,338.4851595679867,100000,50171.7,47335.33,0.005266426253195238,1.0504963619524055
338,long,2021-12-10,02:00:00,48391.55,2021-12-10,17:00:00,47520.58,603.05951136157,closed,-11.339040433928707,-1.880252316778448,327.14611913405804,0,47379.99,49944.83,0.0024924165948872062,0.48244760908925605
339,short,2021-12-10,17:00:00,47520.58,2021-12-10,21:00:00,48432.47,1072.4128425738018,closed,-21.441370745179935,-1.9993578866251198,305.7047483888781,100000,48432.47,47318.09,0.004513466976092471,0.8579302740590414
340,long,2021-12-10,21:00:00,48432.47,2021-12-10,23:00:00,47524.21,549.1365820805663,closed,-10.739602010529879,-1.95572510755698,294.9651463783482,0,47517.48,48486.71,0.0022676381447428403,0.43930926566445305
341,long,2021-12-12,08:00:00,49276.18,2021-12-12,09:00:00,48952.24,791.5961662170587,closed,-5.840417204756063,-0.7378026137578083,289.12472917359213,0,48952.24,49337.87,0.0032128958300625524,0.633276932973647
342,long,2021-12-12,14:00:00,49778.83,2021-12-13,01:00:00,49630.94,795.0138259430252,closed,-3.001144943650063,-0.3774959435567276,286.1235842299421,0,49503.99,50710.29,0.00319418445930941,0.6360110607544202
343,short,2021-12-14,19:00:00,46639.9,2021-12-14,20:00:00,46844.02,1122.6861405178886,closed,-5.816410577439531,-0.5180798415090841,280.30717365250257,100000,47029.19,46639.9,0.004814273360439832,0.8981489124143109
344,long,2021-12-15,20:00:00,48659.07,2021-12-16,06:00:00,48520.01,506.2838322513507,closed,-1.8539878963167875,-0.3661953588508734,278.4531857561858,0,48520.01,49446.71,0.0020809433154038936,0.40502706580108055
345,long,2021-12-16,12:00:00,49198.04,2021-12-16,13:00:00,48685.12,720.4193504436065,closed,-8.09008149746496,-1.1229683784150715,270.36310425872085,0,48643.6,49198.04,0.002928650614713946,0.5763354803548852
346,short,2021-12-17,21:00:00,46171.27,2021-12-17,22:00:00,46840.71,1113.0519753765932,closed,-17.03347002182312,-1.530339139469203,253.32963423689773,100000,47042.77,46126.25,0.00482140506586279,0.8904415803012746
347,short,2021-12-18,00:00:00,46125.33,2021-12-18,05:00:00,46380.01,912.7321332516852,closed,-5.77377382018644,-0.6325814124256679,247.55586041671128,100000,46446.66,45519.74,0.0039576177915764945,0.7301857066013482
348,short,2021-12-19,11:00:00,47126.85,2021-12-20,17:00:00,46391.53,1237.779302083547,closed,18.317587722195306,1.4798751030463517,265.8734481389066,100000,48219.65,45572.93,0.0052529685395206645,0.9902234416668376
349,long,2021-12-20,17:00:00,46391.53,2021-12-21,16:00:00,48408.64,614.489815519979,closed,26.223859304732773,4.267582414289851,292.0973074436394,0,46037.55,49250.11,0.002649146581369397,0.4915918524159832
350,long,2021-12-23,13:00:00,48591.5,2021-12-24,07:00:00,50878.84,972.3855564655047,closed,44.99104088988643,4.626872601175096,337.08834833352586,0,48453.87,51480.55,0.0040022866405256255,0.7779084451724038
351,short,2021-12-25,23:00:00,50605.11,2021-12-26,15:00:00,49890.33,1685.44174166762,closed,22.451277903996267,1.3320708363246296,359.5396262375221,100000,50675.91,49529.65,0.0066611523684767015,1.348353393334096
352,long,2021-12-27,13:00:00,51108.62,2021-12-27,21:00:00,51217.45,1358.7952743624649,closed,1.8010466646494754,0.1325473158930812,361.34067290217155,0,50942.63,51948.29,0.005317284146441305,1.0870362194899719
353,short,2021-12-30,00:00:00,46436.54,2021-12-30,07:00:00,46874.34,1578.9060817308068,closed,-16.155725903232998,-1.023222729342013,345.1849469989385,100000,46930.01,45993.85,0.006800274446506165,1.2631248653846454
354,short,2021-12-31,00:00:00,47095.02,2021-12-31,07:00:00,47367.17,1725.9247349946838,closed,-11.36174418242651,-0.6582989369152012,333.82320281651204,100000,47498.85,46820.17,0.007329542422934246,1.380739787995747
355,long,2021-12-31,07:00:00,47367.17,2021-12-31,17:00:00,47469.54,949.362437490882,closed,1.2882650718598962,0.13569791904393405,335.1114678883719,0,46830.34,48525.47,0.004008525050117548,0.7594899499927057
356,short,2021-12-31,17:00:00,47469.54,2022-01-01,04:00:00,46789.56,1675.5573394418507,closed,22.654106597372625,1.3520341001829872,357.76557448574454,100000,47526.85,45703.05,0.007059505271977991,1.3404458715534806
357,long,2022-01-02,17:00:00,47780.0,2022-01-02,19:00:00,47046.95,1217.0337528446976,closed,-19.650688519089865,-1.614637923817503,338.1148859666547,0,46689.53,47941.65,0.005094322950375461,0.9736270022757582
358,short,2022-01-02,19:00:00,47046.95,2022-01-03,11:00:00,47116.89,1690.5744298332643,closed,-3.8728543942981295,-0.2290851160383454,334.24203157235655,100000,47444.59,46740.02,0.007186754634820172,1.3524595438666114
359,short,2022-01-04,19:00:00,45742.69,2022-01-05,04:00:00,46409.76,1629.0532951784787,closed,-25.067004502218936,-1.538746741829131,309.1750270701376,100000,46521.67,45622.06,0.007122682532131271,1.3032426361427831
360,short,2022-01-05,18:00:00,46007.99,2022-01-06,11:00:00,42874.38,1545.8751353506784,closed,104.04633024925454,6.730577901794886,413.22135731939215,100000,46123.39,42479.01,0.006720029000835197,1.2367001082805429
361,short,2022-01-07,04:00:00,41789.97,2022-01-07,10:00:00,42409.0,1889.831209426302,closed,-29.514760873258293,-1.561767036444388,383.70659644613386,100000,42580.0,41049.49,0.009044424819765614,1.5118649675410416
362,short,2022-01-07,16:00:00,41297.41,2022-01-07,17:00:00,42131.75,1211.7258197474137,closed,-25.455992906106175,-2.100804694531682,358.25060354002767,100000,42131.75,40956.01,0.005868289656651173,0.969380655797931
363,short,2022-01-08,16:00:00,41600.72,2022-01-08,23:00:00,41912.88,1791.2530177001286,closed,-14.882668492266575,-0.8308523890932568,343.3679350477611,100000,42303.15,40623.72,0.008611644306637618,1.433002414160103
364,long,2022-01-08,23:00:00,41912.88,2022-01-09,10:00:00,41503.75,697.7852933998635,closed,-7.37294614833891,-1.0566210291442568,335.9949888994222,0,41418.95,42151.5,0.003329693847809378,0.5582282347198908
365,short,2022-01-09,10:00:00,41503.75,2022-01-09,12:00:00,41854.25,1679.9749444971012,closed,-15.539497542204515,-0.9249838869981628,320.4554913572177,100000,41948.28,41419.82,0.008095533268666572,1.343979955597681
366,short,2022-01-10,01:00:00,41644.58,2022-01-10,21:00:00,41698.68,1572.1172489495902,closed,-3.307563592971027,-0.21038911666295723,317.1479277642467,100000,42210.5,39658.07,0.007550164986414032,1.2576937991596722
367,long,2022-01-11,17:00:00,42684.18,2022-01-12,03:00:00,42545.54,645.9566368574624,closed,-2.6178861336716452,-0.4052727357067641,314.53004163057506,0,42334.2,43056.08,0.00302667937796843,0.51676530948597
368,long,2022-01-12,13:00:00,43245.67,2022-01-13,01:00:00,43699.62,890.1349782835048,closed,8.627526399177066,0.9692379930753862,323.1575680297521,0,43177.2,44235.7,0.0041166432536876175,0.7121079826268039
369,short,2022-01-14,11:00:00,42059.75,2022-01-14,15:00:00,42945.09,1615.78784014875,closed,-35.311966192216445,-2.185433341852951,287.84560183753564,100000,43009.13,41818.51,0.0076832974049952756,1.2926302721190002
370,long,2022-01-14,15:00:00,42945.09,2022-01-15,05:00:00,42895.77,774.5087385730744,closed,-1.512693318867981,-0.1953100389357659,286.33290851866764,0,42755.49,43379.57,0.003606972245595827,0.6196069908584596
371,short,2022-01-15,05:00:00,42895.77,2022-01-15,16:00:00,43370.01,1431.6645425933282,closed,-16.97996813991163,-1.1860298020061308,269.352940378756,100000,43372.42,42590.25,0.0066750849447082,1.1453316340746627
372,long,2022-01-15,16:00:00,43370.01,2022-01-16,00:00:00,43070.51,905.2581996395364,closed,-6.97981688657042,-0.7710305070254767,262.3731234921856,0,43070.51,43734.57,0.004174581466038566,0.7242065597116292
373,short,2022-01-16,20:00:00,42817.01,2022-01-17,11:00:00,42775.48,1311.865617460918,closed,0.21681278913389734,0.016527057821176295,262.58993628131947,100000,43228.31,42356.99,0.006127777803545451,1.0494924939687345
374,short,2022-01-17,12:00:00,42656.61,2022-01-18,01:00:00,42338.0,1312.9496814065874,closed,8.750144984544347,0.6664493779510389,271.34008126586383,100000,42749.7,41532.74,0.006155902597072704,1.05035974512527
375,short,2022-01-18,09:00:00,41709.99,2022-01-18,20:00:00,41680.93,1356.7004063293086,closed,-0.1466314084019783,-0.010807943133053563,271.19344985746187,100000,42032.08,41293.78,0.0065053978978624,1.085360325063447
376,short,2022-01-19,06:00:00,41751.99,2022-01-19,13:00:00,42075.1,1355.9672492872983,closed,-11.584818740211755,-0.8543583000474961,259.6086311172501,100000,42211.7,41188.02,0.0064953418952595965,1.0847737994298388
377,long,2022-01-19,13:00:00,42075.1,2022-01-19,21:00:00,41626.0,751.6906059366946,closed,-8.628299283386932,-1.1478524828223786,250.9803318338632,0,41560.0,42515.81,0.0035730900505842873,0.6013524847493558
378,short,2022-01-19,21:00:00,41626.0,2022-01-20,04:00:00,41915.36,1254.9016591693044,closed,-9.733304992089792,-0.7756229279777076,241.24702684177342,100000,42041.72,41626.0,0.006029412670779342,1.0039213273354435
379,long,2022-01-20,04:00:00,41915.36,2022-01-20,22:00:00,41319.68,747.430922597584,closed,-11.223623204335988,-1.5016268212893802,230.02340363743744,0,41319.68,43464.84,0.0035663819783372202,0.5979447380780673
380,short,2022-01-20,22:00:00,41319.68,2022-01-21,16:00:00,38831.88,1127.6723125883098,closed,66.9879727411702,5.940375762832633,297.0113763786076,100000,41487.74,37726.95,0.005458281925650488,0.9021378500706478
381,short,2022-01-21,22:00:00,36634.29,2022-01-22,12:00:00,35385.59,720.7251590075604,closed,23.98580011875865,3.328009272187353,320.9971764973663,100000,37120.99,34142.88,0.003934702482333139,0.5765801272060483
382,short,2022-01-23,18:00:00,35314.96,2022-01-23,23:00:00,35490.61,1144.6090872236084,closed,-6.615240886384235,-0.5779476120035291,314.38193561098205,100000,35532.73,34661.09,0.006482290152522378,0.9156872697788868
383,short,2022-01-24,05:00:00,35106.28,2022-01-24,18:00:00,35331.17,1088.2325288972584,closed,-7.847977530548479,-0.7211673353029698,306.5339580804336,100000,35469.47,33038.26,0.006199645926012431,0.8705860231178068
384,long,2022-01-24,18:00:00,35331.17,2022-01-25,07:00:00,35834.99,350.686465118475,closed,4.718230023809752,1.3454268964203557,311.2521881042433,0,35225.94,37366.14,0.001985139270046676,0.28054917209478
385,long,2022-01-25,17:00:00,36805.52,2022-01-25,22:00:00,36544.92,482.02527272311585,closed,-3.8012000313746634,-0.7885893637693437,307.45098807286865,0,36430.44,37453.74,0.0026193096726964647,0.3856202181784927
386,long,2022-01-26,05:00:00,37762.15,2022-01-26,19:00:00,37950.7,552.557668508678,closed,2.3140002466519283,0.41877986290504016,309.76498831952057,0,37145.76,38425.0,0.0029265159346524394,0.44204613480694244
387,long,2022-01-27,10:00:00,36505.31,2022-01-27,21:00:00,35574.0,538.2957673545544,closed,-14.166388761953057,-2.6317109702670596,295.5985995575675,0,35574.0,37172.13,0.0029491368097109955,0.43063661388364355
388,short,2022-01-27,21:00:00,35574.0,2022-01-27,23:00:00,36683.88,1044.723147726819,closed,-33.43616846107752,-3.2004812503513733,262.16243109649,100000,36927.78,35520.36,0.005873520817039518,0.8357785181814552
389,long,2022-01-27,23:00:00,36683.88,2022-01-28,10:00:00,36473.29,426.65498088205015,closed,-2.7929349762399562,-0.6546120639365206,259.36949612025006,0,36412.43,37473.16,0.0023261169804396384,0.3413239847056401
390,short,2022-01-28,10:00:00,36473.29,2022-01-28,16:00:00,37169.99,952.4223836720515,closed,-18.959998986183574,-1.9907132918362918,240.4094971340665,100000,37256.3,36158.25,0.005222574567153397,0.7619379069376413
391,long,2022-01-29,21:00:00,38319.8,2022-01-30,01:00:00,37808.09,605.3907292428047,closed,-8.571660852609847,-1.415889018209924,231.83783628145665,0,37733.75,38623.3,0.003159675829429197,0.48431258339424377
392,long,2022-02-01,17:00:00,39092.04,2022-02-01,19:00:00,38516.49,559.7186392416556,closed,-8.691345892682222,-1.5528062285826034,223.14649038877442,0,38480.29,39117.02,0.0028635939144728987,0.44777491139332454
393,long,2022-02-02,13:00:00,38692.33,2022-02-02,14:00:00,38350.65,740.6163760928042,closed,-7.136475504069091,-0.9635859716899972,216.01001488470533,0,38323.84,38715.0,0.003828233534102517,0.5924931008742435
394,short,2022-02-03,11:00:00,36361.43,2022-02-03,12:00:00,36754.99,1080.0500744235155,closed,-12.55996393560752,-1.162905705303663,203.4500509490978,100000,36754.99,36306.97,0.005940635857409984,0.8640400595388125
395,long,2022-02-07,00:00:00,42361.35,2022-02-07,12:00:00,42692.25,608.9828984129974,closed,4.266926675902189,0.7006644500234328,207.716977625,0,41620.0,42892.72,0.0028751817324660215,0.48718631873039797
396,long,2022-02-07,15:00:00,43376.83,2022-02-08,01:00:00,43836.71,589.8659717850219,closed,5.779130866073301,0.9797362693401002,213.4961084910733,0,43118.91,44435.52,0.0027197283516800187,0.47189277742801755
397,long,2022-02-08,06:00:00,44867.12,2022-02-08,09:00:00,44000.0,525.5740770611087,closed,-10.58025798545024,-2.013085965847602,202.91585050562307,0,43922.61,45344.99,0.0023428028233642307,0.420459261648887
398,long,2022-02-08,22:00:00,44159.9,2022-02-09,03:00:00,43317.14,376.5172930264457,closed,-7.488481408160532,-1.9888811342417034,195.42736909746253,0,43140.45,44300.0,0.0017052452248598649,0.30121383442115657
399,short,2022-02-09,03:00:00,43317.14,2022-02-09,13:00:00,44120.42,754.8644820983253,closed,-14.605705049733801,-1.9348777689385743,180.82166404772872,100000,44270.0,43126.0,0.0034852923443160163,0.6038915856786603
400,long,2022-02-09,13:00:00,44120.42,2022-02-10,02:00:00,44239.02,382.9845776872803,closed,0.7213762167564379,0.1883564662349056,181.54304026448514,0,43702.58,44760.99,0.0017360876332876266,0.30638766214982427
401,long,2022-02-10,10:00:00,44377.2,2022-02-10,14:00:00,43628.82,521.5260336261412,closed,-9.214620353050725,-1.7668572149662383,172.32841991143442,0,43628.82,45111.07,0.0023504233418338303,0.41722082690091294
402,short,2022-02-10,14:00:00,43628.82,2022-02-10,15:00:00,44367.8,778.396680552597,closed,-13.81068021693946,-1.7742470596271074,158.51773969449496,100000,44367.8,43235.69,0.0035682683169180234,0.6227173444420776
403,short,2022-02-10,21:00:00,44077.47,2022-02-11,11:00:00,43420.43,525.8238119025857,closed,7.41513807336395,1.4101944235910109,165.9328777678589,100000,44144.88,42679.01,0.0023859074121204585,0.42065904952206856
404,short,2022-02-11,19:00:00,42652.95,2022-02-12,09:00:00,42268.76,682.2982099429502,closed,5.5966601252424795,0.8202659839471718,171.5295378931014,100000,43062.6,41789.83,0.0031993013845136166,0.5458385679543601
405,short,2022-02-13,18:00:00,42252.12,2022-02-14,08:00:00,42290.41,857.6476894654957,closed,-1.4674010686787493,-0.17109602074404992,170.06213682442265,100000,42428.68,41610.09,0.004059667015361575,0.6861181515723965
406,short,2022-02-14,21:00:00,42171.93,2022-02-14,23:00:00,42659.99,850.3106841221017,closed,-10.52501246086425,-1.2377843366428751,159.5371243635584,100000,42711.54,42107.35,0.004032590797348387,0.6802485472976815
407,long,2022-02-14,23:00:00,42659.99,2022-02-15,17:00:00,44110.9,469.33293183043224,closed,15.584827539642705,3.320633708540493,175.1219519032011,0,42451.32,44472.2,0.002200342437166217,0.3754663454643458
408,long,2022-02-16,21:00:00,44078.7,2022-02-17,04:00:00,43574.3,578.8751298639953,closed,-7.0898924214815215,-1.2247706034887467,168.03205948171959,0,43574.3,44155.7,0.002626552642723108,0.46310010389119627
409,short,2022-02-17,04:00:00,43574.3,2022-02-18,05:00:00,40492.7,840.1602974085868,closed,58.74064352053681,6.991599543767784,226.77270300225638,100000,43979.3,40067.1,0.0038562193651238766,0.6721282379268695
410,short,2022-02-20,04:00:00,39778.1,2022-02-20,18:00:00,38258.3,1133.863515011271,closed,42.408678352710325,3.7401925179935582,269.1813813549667,100000,39806.3,38010.6,0.0057009435594524175,0.9070908120090168
411,short,2022-02-21,11:00:00,38282.2,2022-02-21,17:00:00,38679.2,1345.9069067748226,closed,-15.041289301037759,-1.1175579250931245,254.14009205392892,100000,39114.8,37272.1,0.00703150240464144,1.0767255254198582
412,long,2022-02-21,17:00:00,38679.2,2022-02-21,19:00:00,37721.4,473.3294863656499,closed,-12.102009675316914,-2.5567833874537107,242.03808237861202,0,37558.8,38802.6,0.0024474626484810957,0.37866358909251996
413,short,2022-02-21,19:00:00,37721.4,2022-02-22,09:00:00,37081.2,828.8621245822069,closed,13.399796612417454,1.616649647149905,255.43787899102946,100000,38362.1,36372.7,0.004394651972525977,0.6630896996657656
414,long,2022-02-25,13:00:00,39338.1,2022-02-25,15:00:00,38990.0,395.3087891194336,closed,-3.8163156988290106,-0.965401175959181,251.62156329220045,0,38990.0,39635.2,0.002009801129792408,0.3162470312955469
415,long,2022-02-25,16:00:00,39388.5,2022-02-25,18:00:00,38965.0,382.483468009411,closed,-4.420341101066007,-1.1556946824580778,247.20122219113443,0,38872.2,39521.8,0.0019421073054795741,0.3059867744075288
416,long,2022-02-26,22:00:00,39420.9,2022-02-26,23:00:00,39126.7,592.8215667283056,closed,-4.901519676229808,-0.8268119703000296,242.29970251490462,0,39063.6,39420.9,0.003007651102477648,0.4742572533826445
417,long,2022-02-27,10:00:00,39053.7,2022-02-27,19:00:00,38900.1,650.7617708961834,closed,-3.0834180715648114,-0.4738167190304594,239.21628444333982,0,38654.3,39775.9,0.003332651046616241,0.5206094167169467
418,long,2022-03-03,14:00:00,43968.1,2022-03-03,16:00:00,42549.5,571.8463807011659,closed,-18.91030187840409,-3.3068849461313965,220.30598256493573,0,42423.5,44045.0,0.0026011875914636567,0.45747710456093277
419,short,2022-03-03,16:00:00,42549.5,2022-03-04,09:00:00,41569.3,883.9498810386171,closed,19.65197201018202,2.2231998025828665,239.95795457511775,100000,42753.2,40896.2,0.0041549248806148934,0.7071599048308937
420,short,2022-03-04,16:00:00,40694.6,2022-03-05,06:00:00,38994.1,956.8581381002206,closed,39.21391842805724,4.098195632835806,279.171873003175,100000,40922.0,38571.6,0.004702629528734626,0.7654865104801765
421,short,2022-03-06,10:00:00,38665.6,2022-03-06,17:00:00,39189.9,1395.8593650158646,closed,-20.051560788969805,-1.4365029380120904,259.12031221420517,100000,39320.2,38109.4,0.007220161409707155,1.1166874920126917
422,long,2022-03-06,17:00:00,39189.9,2022-03-07,01:00:00,38391.5,675.842618075158,closed,-14.31279177771071,-2.117769935621171,244.80752043649446,0,38090.0,39214.6,0.003449065285061498,0.5406740944601265
423,short,2022-03-07,01:00:00,38391.5,2022-03-07,10:00:00,38136.2,1095.4326693526486,closed,6.402475321138848,0.5844699998697703,251.2099957576333,100000,38525.9,37584.8,0.005706641675124175,0.8763461354821189
424,short,2022-03-07,20:00:00,37288.7,2022-03-08,02:00:00,38257.2,897.7000616817808,closed,-24.03895293703368,-2.6778379509073793,227.1710428205996,100000,38466.7,37134.0,0.0048148638149454435,0.7181600493454247
425,long,2022-03-08,02:00:00,38257.2,2022-03-08,17:00:00,38283.9,391.98699881599657,closed,-0.04206801700744056,-0.010731992932037982,227.12897480359217,0,38010.9,39162.1,0.00204921948713443,0.31358959905279726
426,short,2022-03-08,17:00:00,38283.9,2022-03-08,18:00:00,39047.1,799.173920508578,closed,-16.575264444858878,-2.0740497180276747,210.5537103587333,100000,39067.5,38283.9,0.004174986981517442,0.6393391364068625
427,long,2022-03-08,18:00:00,39047.1,2022-03-08,19:00:00,38668.3,361.78490247426913,closed,-3.800994159619251,-1.050622658276788,206.75271619911405,0,38668.3,39316.3,0.0018530692546912275,0.2894279219794153
428,long,2022-03-09,02:00:00,39187.3,2022-03-09,17:00:00,42233.4,425.2002488590012,closed,32.70925729075341,7.69267124808292,239.46197348986746,0,39115.6,42566.2,0.0021700920903404987,0.34016019908720097
429,long,2022-03-10,18:00:00,39140.9,2022-03-11,03:00:00,38251.0,419.01596282126656,closed,-9.864020449876287,-2.354091806780124,229.59795303999118,0,38208.5,39639.6,0.00214106452749562,0.33521277025701324
430,short,2022-03-11,03:00:00,38251.0,2022-03-11,07:00:00,38917.1,873.3405045891407,closed,-15.911523785536968,-1.8219152440459037,213.68642925445423,100000,38941.0,38251.0,0.004566366916363707,0.6986724036713126
431,short,2022-03-11,18:00:00,38790.6,2022-03-12,01:00:00,39123.0,817.236023980579,closed,-7.660968434244343,-0.9374242213319759,206.02546082020987,100000,39123.0,38319.9,0.004213577639843566,0.6537888191844633
432,short,2022-03-13,21:00:00,38672.2,2022-03-14,06:00:00,38443.1,1030.1273041010404,closed,5.27320164368724,0.5118980559678491,211.2986624638971,100000,38845.8,37571.8,0.005327482295297607,0.8241018432808324
433,long,2022-03-14,06:00:00,38443.1,2022-03-14,19:00:00,38665.4,589.1968752104677,closed,2.9326506569325517,0.4977369671020363,214.23131312082967,0,38405.8,39247.0,0.003065293252679767,0.4713575001683742
434,short,2022-03-14,19:00:00,38665.4,2022-03-14,23:00:00,39312.0,1071.1565656041394,closed,-18.775376028442068,-1.7528134197499534,195.45593709238761,100000,39787.0,38600.0,0.005540646498441187,0.8569252524833115
435,long,2022-03-14,23:00:00,39312.0,2022-03-15,04:00:00,38746.5,488.0929256417427,closed,-7.41413551357846,-1.5190008140008142,188.04180157880916,0,38641.8,39765.5,0.0024831752423776082,0.3904743405133942
436,long,2022-03-16,09:00:00,40289.0,2022-03-16,19:00:00,39915.9,306.7289742244647,closed,-3.0873977758697357,-1.0065556355332683,184.95440380293942,0,39428.1,41080.6,0.0015226437698849051,0.24538317937957177
437,short,2022-03-16,19:00:00,39915.9,2022-03-16,21:00:00,41227.6,575.9378257856737,closed,-19.389869575193003,-3.366660203076963,165.56453422774644,100000,41430.9,39821.4,0.0028857564318262832,0.46075026062853897
438,long,2022-03-16,21:00:00,41227.6,2022-03-17,04:00:00,40999.0,250.69681799053473,closed,-1.591844649286964,-0.634968031124777,163.97268957845947,0,40818.5,41380.9,0.0012161601353973296,0.20055745439242778
439,long,2022-03-18,16:00:00,40902.2,2022-03-19,06:00:00,41733.4,507.6477207380873,closed,9.907636485343431,1.9516755577939682,173.8803260638029,0,40883.1,42247.7,0.002482251422848098,0.40611817659046984
440,long,2022-03-19,21:00:00,42170.1,2022-03-19,23:00:00,41927.1,681.3376135408372,closed,-4.474425430590735,-0.6567119357080016,169.40590063321216,0,41710.7,42336.6,0.003231377746511567,0.5450700908326698
441,long,2022-03-20,00:00:00,42188.2,2022-03-20,01:00:00,42018.0,615.9313893175574,closed,-2.9805191511075515,-0.4839044092897946,166.4253814821046,0,41908.4,42249.9,0.00291992258175299,0.492745111454046
442,short,2022-03-21,03:00:00,40785.4,2022-03-21,09:00:00,41135.3,832.1269074105137,closed,-7.808640672888403,-0.9383954061992809,158.6167408092162,100000,41323.8,40687.2,0.004080513651505263,0.665701525928411
443,long,2022-03-23,16:00:00,42588.7,2022-03-23,19:00:00,42069.4,453.5840927014772,closed,-5.895718386273441,-1.2998071319387434,152.72102242294275,0,42043.7,42714.0,0.002130067800620715,0.36286727416118175
444,short,2022-03-23,19:00:00,42069.4,2022-03-23,21:00:00,42332.4,763.6051121147045,closed,-5.388248765883728,-0.7056328828079317,147.33277365705902,100000,42379.2,42069.4,0.0036302163192948062,0.6108840896917637
445,long,2022-03-24,15:00:00,43564.8,2022-03-25,03:00:00,43929.2,420.58817354657987,closed,3.1796299093608664,0.7559960334949182,150.5124035664199,0,43501.8,44302.8,0.0019308624097738533,0.3364705388372639
446,long,2022-03-25,13:00:00,44808.9,2022-03-25,17:00:00,44139.7,521.1487667268426,closed,-8.20235861236629,-1.5738996494000173,142.3100449540536,0,44137.1,45053.5,0.00232609489064379,0.41691901338147414
447,long,2022-03-26,21:00:00,44541.1,2022-03-27,10:00:00,44520.0,711.5502247702585,closed,-0.9095106218934226,-0.12782100127746857,141.4005343321602,0,44258.9,44907.9,0.0031950276251383938,0.5692401798162069
448,long,2022-03-27,16:00:00,44836.1,2022-03-28,10:00:00,47135.3,707.0026716607913,closed,35.68641670793584,5.047564618688968,177.08695104009604,0,44721.0,47427.5,0.0031537206476959026,0.5656021373286331
449,short,2022-03-30,11:00:00,47273.7,2022-03-30,18:00:00,47640.1,885.4347552004702,closed,-7.574753041247672,-0.8554840429245045,169.51219799884836,100000,47666.0,46876.8,0.0037459930371452643,0.7083478041603762
450,long,2022-03-30,18:00:00,47640.1,2022-03-30,20:00:00,47061.2,588.8035556694333,closed,-7.628377507732511,-1.2955725953555963,161.88382049111584,0,46876.6,47674.4,0.0024718821147286987,0.4710428445355467
451,short,2022-03-30,20:00:00,47061.2,2022-03-31,02:00:00,47380.1,809.4191024555696,closed,-6.135827879551713,-0.7580532583104584,155.74799261156411,100000,47393.5,46851.1,0.0034398574726338033,0.6475352819644558
452,long,2022-03-31,02:00:00,47380.1,2022-03-31,05:00:00,47011.8,551.2397464234394,closed,-4.7282737268314925,-0.8577526851990511,151.0197188847326,0,46981.0,47391.6,0.0023268830011901175,0.4409917971387516
453,short,2022-03-31,05:00:00,47011.8,2022-03-31,08:00:00,47140.0,755.0985944236538,closed,-2.6664261909787688,-0.3531229180758811,148.35329269375384,100000,47157.5,46936.1,0.003212378996012294,0.604078875538923
454,short,2022-03-31,15:00:00,46680.4,2022-04-01,09:00:00,45112.0,741.76646346876,closed,24.32578563668402,3.2794399362473357,172.67907833043787,100000,46774.2,44273.2,0.003178063870355695,0.593413170775008
455,long,2022-04-04,21:00:00,46293.6,2022-04-05,12:00:00,46673.4,509.8792813028629,closed,3.773023856106038,0.7399837558539472,176.45210218654393,0,46158.0,46889.1,0.002202806786695625,0.4079034250422904
456,long,2022-04-05,13:00:00,46743.0,2022-04-05,14:00:00,46410.8,696.3580926450321,closed,-5.509045697854481,-0.7911225210191837,170.94305648868945,0,46354.6,46817.2,0.002979518185161552,0.5570864741160257
457,short,2022-04-06,12:00:00,44802.5,2022-04-07,04:00:00,43292.0,854.7152824434374,closed,28.128827318140416,3.2910172423413875,199.07188380682987,100000,44968.1,42765.0,0.0038154803077660284,0.68377222595475
458,short,2022-04-08,12:00:00,43289.8,2022-04-08,16:00:00,43636.3,995.3594190341397,closed,-8.767936990275295,-0.8808815009540352,190.30394681655457,100000,43934.7,42783.0,0.004598586359993068,0.7962875352273118
459,long,2022-04-08,16:00:00,43636.3,2022-04-08,18:00:00,42983.9,594.5116281150234,closed,-9.366791380437792,-1.5755438476681145,180.93715543611677,0,42814.4,43687.2,0.002724848935931889,0.47560930249201877
460,short,2022-04-08,18:00:00,42983.9,2022-04-09,07:00:00,42423.2,904.6857771805742,closed,11.073142263208181,1.2239766051940482,192.01029769932495,100000,43199.8,42091.4,0.00420941690810082,0.7237486217444594
461,short,2022-04-10,10:00:00,42513.8,2022-04-10,16:00:00,42722.6,960.0514884966151,closed,-5.487703067547626,-0.5716050788214547,186.52259463177734,100000,42818.1,42440.7,0.004516422848565007,0.7680411907972922
462,long,2022-04-10,16:00:00,42722.6,2022-04-10,23:00:00,42087.4,932.612973158877,closed,-14.616554328407206,-1.567269033251715,171.90604030337013,0,41861.9,43369.5,0.004365899889795458,0.7460903785271017
463,short,2022-04-10,23:00:00,42087.4,2022-04-12,04:00:00,39719.8,859.5302015168409,closed,47.66061780837761,5.544961389869648,219.56665811174776,100000,42391.4,39274.6,0.00408450130688444,0.6876241612134727
464,short,2022-04-12,20:00:00,39281.1,2022-04-13,00:00:00,40060.7,1025.473662824928,closed,-21.177862867086493,-2.065178622798238,198.38879524466125,100000,40170.0,39281.1,0.005221206446993226,0.8203789302599424
465,long,2022-04-13,00:00:00,40060.7,2022-04-13,12:00:00,39697.7,470.5492274471713,closed,-4.642552540460025,-0.9866241977798691,193.74624270420122,0,39577.8,40236.1,0.002349181254681877,0.3764393819577371
466,short,2022-04-13,12:00:00,39697.7,2022-04-13,14:00:00,40496.4,968.7312135209968,closed,-20.270305014092067,-2.092459160102486,173.47593769010916,100000,40525.0,39633.9,0.004880540754356031,0.7749849708167975
467,long,2022-04-13,14:00:00,40496.4,2022-04-14,05:00:00,41271.0,451.63578079942914,closed,8.275181252265002,1.832268744876084,181.75111894237418,0,40408.2,41460.4,0.002230498418622046,0.36130862463954333
468,long,2022-04-16,22:00:00,40465.1,2022-04-17,03:00:00,40143.9,908.7555947118617,closed,-7.944929258863803,-0.8742646873478557,173.80618968351038,0,40103.1,40644.6,0.0044915524474762785,0.7270044757694893
469,short,2022-04-17,03:00:00,40143.9,2022-04-17,06:00:00,40345.9,869.030948417543,closed,-5.0724292099713875,-0.5836879824830173,168.733760473539,100000,40400.1,40129.8,0.004329579081342585,0.6952247587340344
470,long,2022-04-17,06:00:00,40345.9,2022-04-17,17:00:00,40175.2,843.6688023676862,closed,-4.248606674566645,-0.5035870311481572,164.48515379897236,0,40175.2,40559.9,0.0041821786222029315,0.674935041894149
471,short,2022-04-17,17:00:00,40175.2,2022-04-18,13:00:00,39366.8,822.425768994853,closed,15.88670649301106,1.9316888030426589,180.3718602919834,100000,40428.5,38601.0,0.004094196265332111,0.6579406151958824
472,long,2022-04-19,14:00:00,41419.6,2022-04-19,21:00:00,41284.9,559.8939386449556,closed,-2.271440542836767,-0.40569121865010066,178.10041974914665,0,41182.1,41681.7,0.0027035217078144437,0.4479151509159645
473,long,2022-04-20,12:00:00,42070.8,2022-04-20,15:00:00,41537.8,684.600201545009,closed,-9.224216558542423,-1.3473873565513372,168.87620319060423,0,41500.0,42131.6,0.0032545147776843275,0.5476801612360073
474,long,2022-04-21,02:00:00,41649.3,2022-04-21,07:00:00,41503.9,577.676597394436,closed,-2.481616096955262,-0.42958570732281565,166.39458709364897,0,41409.4,41718.4,0.0027740038723072704,0.4621412779155489
475,short,2022-04-21,07:00:00,41503.9,2022-04-21,08:00:00,41833.7,831.9729354682357,closed,-7.2806450940181096,-0.8751060020865403,159.11394199963087,100000,41889.9,41434.5,0.004009131360996127,0.6655783483745886
476,long,2022-04-21,08:00:00,41833.7,2022-04-21,17:00:00,41805.1,570.4515002192478,closed,-0.8490829342394066,-0.14884401810023629,158.26485906539145,0,41735.0,42929.3,0.0027272342643335293,0.4563612001753983
477,short,2022-04-22,10:00:00,40284.1,2022-04-22,11:00:00,40442.9,791.324295326948,closed,-3.7563900544704056,-0.4746966669231853,154.50846901092103,100000,40442.9,40173.0,0.003928717758753196,0.6330594362615585
478,short,2022-04-22,15:00:00,39848.7,2022-04-22,23:00:00,39683.5,772.5423450545958,closed,2.5808028974020334,0.33406620542200144,157.08927190832307,100000,39982.3,39180.1,0.0038773779072069896,0.6180338760436767
479,short,2022-04-24,01:00:00,39540.5,2022-04-24,04:00:00,39750.1,785.4463595416058,closed,-4.795897868145108,-0.6105952125036318,152.29337404017795,100000,39785.2,39411.6,0.003972870143481271,0.6283570876332847
480,short,2022-04-24,13:00:00,39570.2,2022-04-24,15:00:00,39729.9,761.4668702008805,closed,-3.68619995913345,-0.4840919681983018,148.6071740810445,100000,39863.4,39343.3,0.003848688509033973,0.6091734961607045
481,long,2022-04-24,15:00:00,39729.9,2022-04-24,17:00:00,39460.5,683.429103241523,closed,-5.184371019736166,-0.7585821258044986,143.42280306130831,0,38900.6,39809.3,0.003440376659601575,0.5467432825932184
482,short,2022-04-24,17:00:00,39460.5,2022-04-24,20:00:00,39675.9,717.1140153065323,closed,-4.4917809906334725,-0.6263691539640943,138.93102207067483,100000,39761.7,39190.6,0.003634591631157904,0.5736912122452259
483,short,2022-04-24,21:00:00,39479.1,2022-04-25,14:00:00,38716.7,694.6551103533648,closed,12.855577717263424,1.8506417826140957,151.78659978793826,100000,39728.1,38238.7,0.0035191030715156363,0.5557240882826918
484,short,2022-04-28,14:00:00,39085.7,2022-04-28,17:00:00,39882.3,758.9329989396816,closed,-16.078733541128038,-2.118597236329414,135.70786624681023,100000,40143.1,38891.3,0.003883430507524142,0.6071463991517453
485,long,2022-04-28,17:00:00,39882.3,2022-04-29,00:00:00,39732.5,302.7447806409102,closed,-1.38083921007819,-0.4561066939469462,134.32702703673203,0,39655.3,40291.4,0.0015181911807539195,0.2421958245127282
486,short,2022-04-30,15:00:00,38238.3,2022-04-30,16:00:00,38439.9,671.6351351836505,closed,-4.081816370283566,-0.6077431266557315,130.24521066644846,100000,38499.8,38150.9,0.003512892232048237,0.5373081081469204
487,short,2022-04-30,18:00:00,38271.3,2022-04-30,20:00:00,38447.7,651.2260533322325,closed,-3.526013883572901,-0.5414423863312565,126.71919678287556,100000,38480.0,38210.0,0.0034032084268484867,0.520980842665786
488,short,2022-04-30,23:00:00,38234.7,2022-05-01,06:00:00,38044.1,633.595983914368,closed,2.6482852865161286,0.4179769685652001,129.36748206939168,100000,38253.9,37488.9,0.0033142458756803017,0.5068767871314944
489,short,2022-05-07,22:00:00,34972.2,2022-05-08,11:00:00,34730.0,646.8374103469487,closed,3.958503939650673,0.6119781998272832,133.32598600904237,100000,35689.3,34273.8,0.0036991519569655254,0.517469928277559
490,short,2022-05-08,18:00:00,34063.7,2022-05-08,19:00:00,34511.9,666.6299300452022,closed,-9.308535660857046,-1.396357295302637,124.01745034818532,100000,34606.7,33883.3,0.00391401949902801,0.5333039440361618
491,short,2022-05-09,03:00:00,33500.0,2022-05-10,03:00:00,31032.8,533.9931060681596,closed,38.89701425156787,7.284179104477614,162.9144645997532,100000,33827.8,29822.3,0.0031880185436905053,0.4271944848545277
492,short,2022-05-10,22:00:00,30217.3,2022-05-11,03:00:00,31462.2,362.56188302033763,closed,-15.229365744088826,-4.2004872705370815,147.68509885566436,100000,31496.0,30160.1,0.0023996974118821843,0.29004950641627014
493,long,2022-05-11,03:00:00,31462.2,2022-05-11,08:00:00,30598.9,173.09493228381342,closed,-4.889175961308256,-2.82456331725054,142.7959228943561,0,30212.3,31763.7,0.001100335846087136,0.13847594582705075
494,short,2022-05-11,13:00:00,29298.7,2022-05-11,15:00:00,31815.3,249.82907149051812,closed,-21.660535816976147,-8.670142224740342,121.13538707737995,100000,31859.5,29172.0,0.0017053935600591025,0.19986325719241452
495,short,2022-05-11,17:00:00,30324.6,2022-05-12,11:00:00,28590.9,183.4880227417893,closed,10.34226755529645,5.636481008817914,131.4776546326764,100000,30356.1,26668.0,0.0012101595585220536,0.14679041819343144
496,short,2022-05-15,09:00:00,29577.5,2022-05-15,11:00:00,29932.9,497.3800449488799,closed,-6.37773140418909,-1.2822652353985342,125.09992322848731,100000,29932.9,29553.2,0.003363232490568033,0.39790403595910395
497,long,2022-05-15,11:00:00,29932.9,2022-05-16,04:00:00,30315.0,245.1381277852871,closed,2.931493271585894,1.195853659351411,128.03141650007322,0,29775.3,31381.2,0.0016379176610705082,0.1961105022282297
498,short,2022-05-16,04:00:00,30315.0,2022-05-16,21:00:00,29929.9,480.8953506440312,closed,5.721060412966118,1.18966848095002,133.75247691303935,100000,30440.2,29207.5,0.003172656115085148,0.384716280515225
499,short,2022-05-17,15:00:00,30052.8,2022-05-18,00:00:00,30437.0,544.722905322303,closed,-7.403231766396134,-1.3590821487515332,126.34924514664321,100000,30584.8,29486.8,0.0036251058491874495,0.43577832425784235
500,short,2022-05-18,03:00:00,30204.8,2022-05-19,03:00:00,29160.0,524.8232607118266,closed,17.73058033290917,3.3783907193558624,144.07982547955237,100000,30205.0,28642.1,0.0034750983996704276,0.4198586085694613
501,short,2022-05-22,05:00:00,29270.2,2022-05-22,08:00:00,29430.1,720.3991273977522,closed,-4.516705780192302,-0.6269726889464297,139.56311969936007,100000,29431.1,29270.2,0.004922406593721616,0.5763193019182018
502,long,2022-05-22,23:00:00,30267.3,2022-05-23,04:00:00,30165.3,426.0194424370124,closed,-1.7793048482395752,-0.4176581327042716,137.7838148511205,0,30065.3,30469.1,0.002815047542641811,0.34081555394960994
503,long,2022-05-23,07:00:00,30472.5,2022-05-23,12:00:00,30393.8,455.92337941026864,closed,-1.5452245394612865,-0.3389219788333767,136.2385903116592,0,30294.4,30649.9,0.0029923595334171377,0.3647387035282149
504,short,2022-05-25,11:00:00,29720.7,2022-05-25,22:00:00,29809.9,681.1929515582864,closed,-2.593985839957134,-0.3808004522100783,133.64460447170208,100000,30002.9,29355.7,0.004583963039620779,0.5449543612466291
505,long,2022-05-25,22:00:00,29809.9,2022-05-26,00:00:00,29536.7,351.10383096907276,closed,-3.501014208688681,-0.997144975326991,130.1435902630134,0,29531.9,29861.7,0.0023556189787223222,0.2808830647752582
506,short,2022-05-27,01:00:00,29071.0,2022-05-27,13:00:00,29242.5,588.5297137676987,closed,-3.946815372744883,-0.6706229575865984,126.19677489026853,100000,29295.7,28634.7,0.004048912756820878,0.47082377101415895
507,short,2022-05-27,17:00:00,28725.5,2022-05-27,23:00:00,28809.9,545.0797632175523,closed,-2.0413882772745597,-0.3745118448765085,124.15538661299396,100000,28982.9,28279.0,0.003795093301892412,0.43606381057404187
508,long,2022-05-29,07:00:00,29027.5,2022-05-29,10:00:00,28984.7,606.6773845118188,closed,-1.3840458102537672,-0.22813538885539325,122.7713408027402,0,28946.4,29180.0,0.00418001815183408,0.48534190760945506
509,long,2022-05-29,11:00:00,29144.1,2022-05-29,20:00:00,29119.4,586.0408981776612,closed,-0.969531603209079,-0.16543753281109072,121.80180919953112,0,29073.1,29429.0,0.004021677788490029,0.468832718542129
510,long,2022-05-29,23:00:00,29415.8,2022-05-30,14:00:00,30508.7,547.1528734513477,closed,19.88720324534408,3.634670347228366,141.6890124448752,0,29304.0,30878.2,0.003720129137751465,0.43772229876107815
511,long,2022-05-30,22:00:00,31789.2,2022-05-31,06:00:00,31639.5,324.57446417858444,closed,-1.7901703165132412,-0.5515437947479042,139.89884212836196,0,31443.5,31877.8,0.0020420423551305755,0.25965957134286755
512,long,2022-05-31,18:00:00,32106.5,2022-05-31,19:00:00,31671.7,326.06161252997794,closed,-4.678546686206692,-1.4348658371357803,135.22029544215528,0,31622.1,32132.1,0.002031125239624238,0.2608492900239824
513,short,2022-06-03,10:00:00,30242.8,2022-06-03,22:00:00,29789.0,676.1014772107669,closed,9.599702033502572,1.4198611239700005,144.81999747565786,100000,30249.3,29315.1,0.004471156620489947,0.5408811817686136
514,short,2022-06-08,05:00:00,30228.8,2022-06-09,06:00:00,30305.0,461.7857152219031,closed,-1.536541677658181,-0.33273910972318027,143.28345579799966,100000,30808.9,29911.3,0.0030552699096352033,0.3694285721775225
515,long,2022-06-09,06:00:00,30305.0,2022-06-09,13:00:00,30102.9,389.6955090975503,closed,-2.913155565517072,-0.7475466094703797,140.3703002324826,0,30055.3,30653.5,0.0025718231915363822,0.31175640727804027
516,short,2022-06-09,13:00:00,30102.9,2022-06-09,18:00:00,30311.0,701.8515011624038,closed,-5.418012222596529,-0.7719599108391502,134.95228800988608,100000,30392.9,29933.8,0.004663015863338109,0.561481200929923
517,long,2022-06-09,18:00:00,30311.0,2022-06-09,19:00:00,30138.3,390.12979275750246,closed,-2.5374821182537888,-0.650419979545382,132.41480589163228,0,30138.3,30324.8,0.0025741796229586784,0.31210383420600196
518,short,2022-06-10,13:00:00,29631.7,2022-06-11,01:00:00,29220.1,662.0740294581524,closed,8.662430859658041,1.3083779870881593,141.07723675129031,100000,29700.0,28850.3,0.004468687449307008,0.529659223566522
519,short,2022-06-11,12:00:00,28723.9,2022-06-11,22:00:00,28550.0,705.3861837564426,closed,3.7013228132535536,0.5247228962640917,144.77855956454385,100000,28822.1,28123.2,0.004911493103349076,0.5643089470051541
520,short,2022-06-12,03:00:00,27409.5,2022-06-12,12:00:00,27443.8,591.6769888574141,closed,-1.2180781282566335,-0.20586876812783628,143.56048143628723,100000,27710.0,27200.0,0.0043173132589606825,0.4733415910859313
521,short,2022-06-12,23:00:00,26982.5,2022-06-13,18:00:00,23525.7,547.5607757489847,closed,69.7073633113545,12.730525340498469,213.26784474764173,100000,27156.6,22670.7,0.004058636343919094,0.4380486205991878
522,short,2022-06-14,01:00:00,21740.2,2022-06-14,05:00:00,21963.9,351.5597231694182,closed,-3.9019238540837353,-1.1098893294449947,209.36592089355798,100000,22365.5,20834.7,0.0032341903309943626,0.28124777853553456
523,short,2022-06-14,23:00:00,21580.6,2022-06-15,00:00:00,22122.7,407.642044699243,closed,-10.56977140432933,-2.5929051092184747,198.79614948922864,100000,22243.0,21580.6,0.003777856451620836,0.3261136357593944
524,short,2022-06-15,05:00:00,21133.7,2022-06-15,13:00:00,21183.6,381.9063040960369,closed,-1.210880273795414,-0.3170621329913731,197.58526921543321,100000,21562.2,20122.3,0.0036141925370004957,0.3055250432768295
525,long,2022-06-15,13:00:00,21183.6,2022-06-16,07:00:00,21788.4,179.81302294955253,closed,4.988183498222053,2.774094677014308,202.57345271365526,0,20284.8,22935.9,0.001697662559239719,0.14385041835964205
526,long,2022-06-17,06:00:00,20793.8,2022-06-17,17:00:00,20564.8,242.7515297032769,closed,-2.869933923316867,-1.1822516326982082,199.7035187903384,0,20408.0,21302.8,0.00233484528756915,0.19420122376262153
527,short,2022-06-17,17:00:00,20564.8,2022-06-18,01:00:00,20561.4,536.8449531019602,closed,-0.34593983035652437,-0.0644394304831663,199.35757895998188,100000,20758.2,20371.4,0.005221008257818799,0.42947596248156816
528,short,2022-06-18,07:00:00,19419.8,2022-06-18,23:00:00,19173.6,569.4118016219767,closed,6.757485275589652,1.1867483702200885,206.11506423557154,100000,19561.4,17616.6,0.005864239607225375,0.4555294412975814
529,long,2022-06-18,23:00:00,19173.6,2022-06-20,03:00:00,19936.3,213.07522902198454,closed,8.303163034606055,3.8968222973254933,214.4182272701776,0,17977.3,20764.7,0.00222258969647833,0.17046018321758763
530,long,2022-06-20,10:00:00,20643.3,2022-06-20,17:00:00,20269.9,231.9340272250769,closed,-4.383061794124998,-1.8897881637141245,210.0351654760526,0,20230.2,20997.3,0.002247063475559401,0.18554722178006153
531,long,2022-06-21,06:00:00,20880.0,2022-06-21,18:00:00,21232.1,275.28218819228056,closed,4.4192283694108845,1.6053448275861997,214.4543938454635,0,20852.8,21678.8,0.0026368025688915764,0.22022575055382446
532,short,2022-06-22,19:00:00,20210.0,2022-06-23,01:00:00,20407.4,626.8489114402827,closed,-6.630392780839548,-1.0577337951509227,207.82400106462396,100000,20466.0,19772.8,0.0062033538984689034,0.5014791291522261
533,short,2022-06-23,17:00:00,20275.8,2022-06-23,20:00:00,20900.5,764.4772838649906,closed,-24.17276583399841,-3.161999230609893,183.65123523062556,100000,20902.5,20183.9,0.007540785407875306,0.6115818270919925
534,long,2022-06-23,20:00:00,20900.5,2022-06-24,07:00:00,20834.4,335.7274092083925,closed,-1.3335673215207264,-0.3972172914523507,182.31766790910484,0,20671.1,21312.0,0.003212625623390756,0.268581927366714
535,long,2022-06-24,13:00:00,21206.4,2022-06-24,16:00:00,20875.4,335.8845625320308,closed,-5.51452811510261,-1.6417926663648708,176.80313979400222,0,20834.9,21360.9,0.0031677659813266826,0.2687076500256247
536,long,2022-06-24,22:00:00,21306.6,2022-06-25,01:00:00,21183.4,346.6380994674038,closed,-2.2849110105960766,-0.6591632639651427,174.51822878340613,0,21122.9,21486.3,0.0032538096126777973,0.277310479573923
537,long,2022-06-25,02:00:00,21319.9,2022-06-25,03:00:00,21167.0,362.55460720662813,closed,-2.8935788976253627,-0.798108433904481,171.62464988578077,0,21147.8,21361.1,0.003401091067093449,0.29004368576530254
538,long,2022-06-25,08:00:00,21495.5,2022-06-25,12:00:00,21329.1,398.0319079960213,closed,-3.403355668619037,-0.8550459398478819,168.22129421716173,0,21320.6,21530.1,0.003703397529678503,0.31842552639681704
539,long,2022-06-25,22:00:00,21508.1,2022-06-26,10:00:00,21405.4,439.4823982830293,closed,-2.454176978893134,-0.5584244075487705,165.76711723826858,0,21282.1,21530.6,0.004086668727437843,0.35158591862642347
540,long,2022-06-26,12:00:00,21699.5,2022-06-26,14:00:00,21395.1,496.68722743886764,closed,-7.3694426632561845,-1.4837189796999999,158.3976745750124,0,21319.2,21817.5,0.004577867945702598,0.3973497819510941
541,short,2022-06-27,14:00:00,20729.9,2022-06-28,05:00:00,20758.3,791.9883728750534,closed,-1.72625720726655,-0.2179649684754766,156.67141736774585,100000,20950.5,20535.1,0.007641024538227906,0.6335906983000428
542,short,2022-06-28,16:00:00,20595.4,2022-06-29,12:00:00,20096.9,783.3570868387204,closed,18.326422129927643,2.339472309350631,174.99783949767348,100000,20747.5,19899.4,0.0076071072845268406,0.6266856694709764
543,short,2022-06-30,07:00:00,19408.6,2022-06-30,23:00:00,18885.0,843.4575825209743,closed,22.0711145586278,2.616742681079515,197.0689540563013,100000,19451.3,18670.0,0.008691586023937577,0.6747660660167795
544,long,2022-07-01,18:00:00,19474.0,2022-07-02,00:00:00,19272.0,298.1469012710201,closed,-3.3341991188909184,-1.1183074869056178,193.73475493741037,0,19212.2,19636.0,0.0030619996022493595,0.23851752101681611
545,short,2022-07-04,03:00:00,19066.1,2022-07-04,10:00:00,19358.1,968.6737746870429,closed,-15.620475178877824,-1.612563030719445,178.11427975853255,100000,19398.9,19052.4,0.010161215714666796,0.7749390197496343
546,long,2022-07-04,10:00:00,19358.1,2022-07-05,08:00:00,20207.7,587.6647042948524,closed,25.315580668468538,4.3078273177636355,203.42986042700107,0,19358.1,20438.5,0.006071512227903074,0.470131763435882
547,long,2022-07-05,20:00:00,20392.8,2022-07-06,03:00:00,19855.2,393.60708897650807,closed,-10.695112636167158,-2.7172052881409057,192.73474779083392,0,19798.8,20719.3,0.0038602554722893187,0.3148856711812065
548,short,2022-07-06,03:00:00,19855.2,2022-07-06,10:00:00,20192.3,670.7226742403858,closed,-11.930810281162783,-1.778799306982546,180.80393750967113,100000,20291.5,19786.1,0.006756141204726076,0.5365781393923087
549,long,2022-07-06,10:00:00,20192.3,2022-07-06,11:00:00,20125.0,340.8797143419267,closed,-1.4122163935165877,-0.414285841632698,179.39172111615454,0,20051.1,20202.4,0.0033763336949423958,0.27270377147354136
550,long,2022-07-06,14:00:00,20219.9,2022-07-06,16:00:00,20140.1,353.8349688139306,closed,-1.6830154280610738,-0.4756498301178685,177.70870568809346,0,20054.3,20262.7,0.0034998686325246964,0.28306797505114445
551,long,2022-07-06,17:00:00,20291.9,2022-07-07,05:00:00,20411.3,373.8351332132579,closed,1.896938569936745,0.5074265100852942,179.6056442580302,0,20182.3,20639.9,0.003684574960582872,0.29906810657060634
552,long,2022-07-07,15:00:00,20908.7,2022-07-08,07:00:00,21823.0,489.9451889460138,closed,21.027782867316404,4.291864343550768,200.6334271253466,0,20826.0,22423.8,0.004686519859637508,0.39195615115681104
553,long,2022-07-09,11:00:00,21725.5,2022-07-09,12:00:00,21437.4,502.2690816706205,closed,-7.066986434959252,-1.4070120365469083,193.56644069038734,0,21378.8,21753.6,0.004623774658080325,0.4018152653364964
554,short,2022-07-09,12:00:00,21437.4,2022-07-09,18:00:00,21872.4,881.3155306610307,closed,-18.59661198602791,-2.110096933396773,174.96982870435943,100000,21948.1,21385.0,0.00822222406318892,0.7050524245288247
555,long,2022-07-09,18:00:00,21872.4,2022-07-10,00:00:00,21580.0,431.4748341632521,closed,-6.117273303632434,-1.417759002212841,168.852555400727,0,21528.6,21886.6,0.003945381706289681,0.34517986733060174
556,short,2022-07-10,23:00:00,20830.0,2022-07-11,10:00:00,20542.9,844.2627770036258,closed,10.952961872604446,1.2973403744599066,179.80551727333145,100000,20864.2,20371.3,0.008106219654379508,0.6754102216029007
557,short,2022-07-11,23:00:00,19998.3,2022-07-12,13:00:00,19862.0,883.8516766121087,closed,5.308040603420982,0.6005578474170269,185.11355787675242,100000,20048.2,19575.7,0.00883926810390992,0.707081341289687
558,short,2022-07-12,21:00:00,19449.5,2022-07-13,03:00:00,19497.9,906.8064502234427,closed,-2.9913539743313358,-0.3298778888917528,182.1222039024211,100000,19525.1,19270.6,0.00932472763025726,0.7254451601787542
559,short,2022-07-13,14:00:00,19282.4,2022-07-13,15:00:00,19564.5,659.5633135775855,closed,-10.183851301349113,-1.5440293739368465,171.93835260107198,100000,19657.9,19205.4,0.006841091498751043,0.5276506508620684
560,short,2022-07-13,16:00:00,19445.1,2022-07-13,17:00:00,19620.6,586.1454041746887,closed,-5.765147636806526,-0.9835695367984737,166.17320496426547,100000,19620.6,19250.2,0.006028720903206348,0.468916323339751
561,long,2022-07-14,16:00:00,20379.3,2022-07-15,03:00:00,20480.9,320.7687235456527,closed,1.3394137644240356,0.4175637043470688,167.5126187286895,0,20171.7,20858.0,0.003147985686904385,0.2566149788365222
562,long,2022-07-15,08:00:00,20823.4,2022-07-15,15:00:00,20880.1,347.3581937123377,closed,0.6645982431296751,0.19132936984352744,168.17721697181918,0,20738.0,21057.2,0.0033362293738038716,0.2778865549698702
563,long,2022-07-15,20:00:00,21156.7,2022-07-15,21:00:00,20923.2,379.2089058272575,closed,-4.492164115299763,-1.184614613810282,163.6850528565194,0,20896.7,21166.5,0.003584764219630259,0.30336712466180604
564,long,2022-07-16,14:00:00,20827.8,2022-07-17,03:00:00,21154.2,527.1745838772474,closed,7.834742018950443,1.4861759763393227,171.51979487546984,0,20737.4,21564.1,0.005062220530994608,0.42173966710179794
565,long,2022-07-17,04:00:00,21314.1,2022-07-17,05:00:00,21252.8,443.3467397803485,closed,-1.6339162288613158,-0.36854138809520115,169.88587864660852,0,21242.4,21441.6,0.004160126299307488,0.3546773918242788
566,long,2022-07-17,06:00:00,21348.7,2022-07-17,11:00:00,21377.8,445.35595965235353,closed,0.24659911906992976,0.05537124040339012,170.13247776567846,0,21236.0,21642.2,0.004172206829009294,0.35628476772188283
567,long,2022-07-18,03:00:00,21323.2,2022-07-18,18:00:00,21875.2,410.6454091531678,closed,10.298131491518822,2.507791701058003,180.4306092571973,0,21165.2,22729.7,0.0038516302351726556,0.3285163273225343
568,long,2022-07-19,13:00:00,22167.9,2022-07-20,02:00:00,23251.3,298.06798519118286,closed,14.326174717855677,4.806344669544691,194.75678397505297,0,22058.0,23723.8,0.00268918558087309,0.23845438815294628
569,long,2022-07-20,15:00:00,24173.9,2022-07-20,17:00:00,23680.1,325.9501558436522,closed,-6.921637227118679,-2.123526282478222,187.8351467479343,0,23615.2,24221.4,0.0026967113775075782,0.26076012467492177
570,long,2022-07-21,17:00:00,23026.8,2022-07-22,17:00:00,23100.8,324.9782477544966,closed,0.7815600687879884,0.24049611756735625,188.61670681672229,0,22797.2,23715.2,0.002822608853635734,0.25998259820359726
571,short,2022-07-22,17:00:00,23100.8,2022-07-23,06:00:00,22893.8,793.3770153814654,closed,6.46766569882202,0.8152070923950686,195.08437251554432,100000,23183.0,22503.6,0.0068688271867767825,0.6347016123051724
572,short,2022-07-23,09:00:00,22601.5,2022-07-23,21:00:00,22313.5,975.4218625777116,closed,11.640360784382686,1.1933668119372607,206.724733299927,100000,22689.2,21964.6,0.008631478995444654,0.7803374900621693
573,short,2022-07-26,00:00:00,21300.0,2022-07-26,10:00:00,21108.9,846.8137156164294,closed,6.912067258078459,0.8162441314553922,213.63680055800546,100000,21325.2,20905.1,0.00795130249405098,0.6774509724931436
574,long,2022-07-28,17:00:00,23762.5,2022-07-29,00:00:00,23836.2,378.81924855178613,closed,0.8686737865791523,0.22931088900578953,214.50547434458463,0,23681.5,24188.3,0.0031883787358382844,0.3030553988414289
575,long,2022-07-30,12:00:00,23956.3,2022-07-30,21:00:00,23951.8,593.9582575325447,closed,-0.5916956113566988,-0.09961905636513152,213.91377873322793,0,23815.2,24596.1,0.00495868107790055,0.47516660602603583
576,short,2022-07-30,21:00:00,23951.8,2022-07-31,12:00:00,23788.4,1005.257818798314,closed,6.045303010564879,0.6013684148999148,219.9590817437928,100000,23990.1,23518.0,0.008394006452945618,0.8042062550386513
577,short,2022-07-31,23:00:00,23369.1,2022-08-01,15:00:00,23426.5,1099.7954087189537,closed,-3.5906046296574803,-0.32647932526285334,216.36847711413532,100000,23485.6,22964.0,0.009412389939868919,0.879836326975163
578,short,2022-08-01,18:00:00,22954.5,2022-08-01,23:00:00,23152.9,1081.8423855706665,closed,-10.225464227319325,-0.9451898320590797,206.143012886816,100000,23173.6,22859.1,0.009425972123728824,0.8654739084565332
579,short,2022-08-02,04:00:00,22845.3,2022-08-02,12:00:00,22872.0,1030.7150644340697,closed,-2.0382236662460005,-0.19774850844594175,204.10478922056998,100000,22954.3,22650.1,0.009023432079544326,0.8245720515472559
580,short,2022-08-03,01:00:00,22783.4,2022-08-03,07:00:00,23028.6,977.0145663153683,closed,-11.305035486799168,-1.1570999938551623,192.7997537337708,100000,23047.5,22688.9,0.008576547541766094,0.7816116530522946
581,long,2022-08-03,07:00:00,23028.6,2022-08-03,22:00:00,23262.2,554.563538786996,closed,5.176974389473868,0.9335223157291463,197.97672812324467,0,22958.9,23604.1,0.0048163026739532246,0.4436508310295968
582,short,2022-08-04,17:00:00,22578.9,2022-08-05,01:00:00,22619.7,989.8836406162129,closed,-2.5893916998503705,-0.2615854625336011,195.3873364233943,100000,22682.0,22420.0,0.008768218474914304,0.7919069124929704
583,long,2022-08-05,23:00:00,23230.9,2022-08-06,08:00:00,23196.5,538.757810543832,closed,-1.2334297552650795,-0.22893955894950888,194.1539066681292,0,23137.1,23338.7,0.004638286166647284,0.4310062484350656
584,short,2022-08-10,01:00:00,22761.4,2022-08-10,05:00:00,22935.0,970.7695333406355,closed,-8.189153734811772,-0.8435734181552915,185.9647529333174,100000,22982.9,22761.4,0.008529963300505553,0.7766156266725084
585,long,2022-08-11,13:00:00,24851.6,2022-08-11,15:00:00,24550.7,473.69514181768534,closed,-6.118208604291923,-1.2915920101723746,179.84654432902548,0,24414.4,24851.6,0.0038121902961393665,0.3789561134541483
586,long,2022-08-12,16:00:00,23966.7,2022-08-13,10:00:00,24570.1,532.5083501189581,closed,12.976298885199776,2.4368254286155278,192.82284321422526,0,23940.1,24874.9,0.004443735267007624,0.4260066800951665
587,long,2022-08-14,04:00:00,24554.3,2022-08-14,12:00:00,24554.2,726.8059240265716,closed,-0.5903247226541759,-0.08122178192821032,192.23251849157108,0,24506.9,24979.2,0.005919988955307801,0.5814447392212573
588,long,2022-08-15,02:00:00,24632.7,2022-08-15,08:00:00,24010.8,692.3876361694904,closed,-18.040192508390014,-2.6055047152768527,174.19232598318106,0,23935.8,25187.7,0.00562169503277749,0.5539101089355923
589,short,2022-08-15,08:00:00,24010.8,2022-08-16,00:00:00,24085.2,867.5138475790135,closed,-3.3893203984272,-0.39069352124877743,170.80300558475386,100000,24286.6,23787.2,0.0072260303495011715,0.6940110780632108
590,short,2022-08-16,15:00:00,23710.1,2022-08-16,20:00:00,23919.6,854.0150279237594,closed,-8.236404600844047,-0.9644332162243094,162.5666009839098,100000,24020.0,23675.3,0.0072038078955699,0.6832120223390076
591,short,2022-08-17,10:00:00,23818.0,2022-08-18,01:00:00,23443.2,812.8330049195392,closed,12.133646755979507,1.4927600974053206,174.7002477398893,100000,23818.0,23192.8,0.006825367410525984,0.6502664039356314
592,short,2022-08-18,18:00:00,23263.9,2022-08-18,21:00:00,23405.0,873.5012386994367,closed,-6.004262458221235,-0.6873788143862316,168.69598528166807,100000,23430.2,23235.3,0.007509499599804304,0.6988009909595494
593,short,2022-08-19,00:00:00,23185.1,2022-08-19,19:00:00,21365.1,843.4799264083307,closed,65.5300100894309,7.769006473985447,234.22599537109897,100000,23187.5,21269.6,0.0072760516573862595,0.6747839411266646
594,short,2022-08-20,00:00:00,20824.9,2022-08-20,01:00:00,20980.9,926.8177500633288,closed,-7.693177020323123,-0.8300636257557059,226.53281835077584,100000,21177.0,20821.0,0.008901053547083817,0.7414542000506631
595,short,2022-08-20,21:00:00,20810.0,2022-08-20,22:00:00,21106.5,1132.6640917538698,closed,-17.055167122676195,-1.5057568476693899,209.47765122809966,100000,21107.5,20808.1,0.01088576734025824,0.9061312734030958
596,short,2022-08-22,01:00:00,21441.3,2022-08-22,17:00:00,21322.3,1047.388256140489,closed,4.96536274276196,0.47407088189615365,214.4430139708616,100000,21485.2,20880.0,0.009769820450630223,0.8379106049123912
597,short,2022-08-22,19:00:00,21010.0,2022-08-23,00:00:00,21387.0,1072.2150698542987,closed,-20.10763042566171,-1.8753355544978583,194.3353835451999,100000,21401.9,20988.8,0.01020671175491955,0.857772055883439
598,long,2022-08-23,00:00:00,21387.0,2022-08-23,06:00:00,20955.1,546.8192392089373,closed,-11.485315926373586,-2.1003862159255693,182.85006761882633,0,20951.2,21438.6,0.0051135665517271,0.4374553913671499
599,short,2022-08-23,06:00:00,20955.1,2022-08-23,08:00:00,21297.3,914.2503380941224,closed,-15.669974448762597,-1.7139697734680375,167.18009317006374,100000,21297.3,20894.0,0.008725802674233217,0.731400270475298
600,long,2022-08-24,13:00:00,21474.6,2022-08-25,00:00:00,21354.9,553.7851652824386,closed,-3.5349991732401156,-0.6383340318329427,163.64509399682362,0,21353.4,21915.0,0.0051575830542355955,0.4430281322259509
601,short,2022-08-25,00:00:00,21354.9,2022-08-25,07:00:00,21680.1,818.2254699841089,closed,-13.122471489166307,-1.6037720616813804,150.5226225076573,100000,21722.4,21303.1,0.007663116848911575,0.6545803759872871
602,long,2022-08-25,07:00:00,21680.1,2022-08-25,16:00:00,21557.0,523.9663037870313,closed,-3.399096809845285,-0.648724314002235,147.12352569781203,0,21498.7,21792.6,0.0048336151935372195,0.41917304302962505
603,short,2022-08-25,16:00:00,21557.0,2022-08-26,14:00:00,21747.6,735.617628489051,closed,-7.099411369373319,-0.9650953286635365,140.0241143284387,100000,21804.0,21120.1,0.006824860866438289,0.5884941027912408
604,short,2022-08-26,15:00:00,21144.9,2022-08-27,08:00:00,20255.0,688.7069614056463,closed,28.427302645083376,4.127633992121038,168.4514169735221,100000,21144.9,19929.7,0.006514166171565213,0.5509655691245171
605,short,2022-08-29,00:00:00,19547.5,2022-08-29,07:00:00,19839.5,842.2570848676014,closed,-13.264035630718643,-1.5748203095024937,155.18738134280346,100000,19909.6,19547.5,0.00861754275347335,0.6738056678940811
606,long,2022-08-29,07:00:00,19839.5,2022-08-30,03:00:00,20186.2,534.4243443139198,closed,8.906266079364944,1.666515789208401,164.0936474221684,0,19759.8,20395.2,0.0053874779537177835,0.4275394754511359
607,long,2022-08-30,04:00:00,20261.3,2022-08-30,12:00:00,20395.8,589.0216558186439,closed,3.433053792027819,0.582839995459324,167.5267012141962,0,20248.9,20540.6,0.005814253338321272,0.47121732465491517
608,long,2022-08-31,02:00:00,20228.8,2022-08-31,15:00:00,20097.0,423.8251079096004,closed,-3.1046672525494508,-0.7325349996045207,164.42203396164675,0,20097.0,20427.0,0.0041903138882148265,0.3390600863276803
609,short,2022-09-01,15:00:00,19685.3,2022-09-01,21:00:00,20060.4,822.1101698082246,closed,-16.33120831227409,-1.9864987579564557,148.09082564937265,100000,20075.1,19573.4,0.008352528737771075,0.6576881358465797
610,long,2022-09-01,21:00:00,20060.4,2022-09-02,18:00:00,19791.3,379.87540186720116,closed,-5.403521750918802,-1.4224458136428095,142.68730389845385,0,19756.9,20419.0,0.003787316323375418,0.30390032149376095
611,short,2022-09-02,18:00:00,19791.3,2022-09-03,14:00:00,19850.4,713.4365194922606,closed,-2.7083948278523566,-0.3796266036086673,139.9789090706015,100000,20041.3,19738.5,0.007209597343198888,0.5707492155938085
612,short,2022-09-03,16:00:00,19764.3,2022-09-03,18:00:00,19808.1,699.894545352999,closed,-2.1180462048090583,-0.3026236193540843,137.86086286579246,100000,19823.2,19750.1,0.007082411675121295,0.5599156362823993
613,short,2022-09-03,19:00:00,19743.0,2022-09-03,23:00:00,19784.8,689.3043143289538,closed,-2.017825521149409,-0.29273362710833856,135.84303734464305,100000,19807.0,19650.1,0.006982771760410816,0.551443451463163
614,short,2022-09-04,08:00:00,19618.5,2022-09-04,10:00:00,19764.7,679.2151867232064,closed,-5.611909669386614,-0.8262344215918686,130.23112767525643,100000,19811.4,19597.4,0.006924231584710415,0.5433721493785652
615,short,2022-09-05,06:00:00,19712.0,2022-09-05,16:00:00,19848.1,651.1556383762735,closed,-5.023385626299899,-0.7714569805194731,125.20774204895653,100000,19934.7,19633.0,0.006606692759499529,0.5209245107010189
616,long,2022-09-05,16:00:00,19848.1,2022-09-05,20:00:00,19700.9,558.7995425098683,closed,-4.596910531774077,-0.8226403534847018,120.61083151718246,0,19660.1,19897.5,0.0056307610553137915,0.44703963400789465
617,short,2022-09-05,20:00:00,19700.9,2022-09-05,23:00:00,19793.7,603.0541575859033,closed,-3.329218684325887,-0.5520596520971086,117.28161283285658,100000,19793.9,19692.8,0.0061220975446391115,0.4824433260687227
618,long,2022-09-06,07:00:00,19848.2,2022-09-06,14:00:00,19775.2,416.9098799200843,closed,-1.8710881466860483,-0.4487991858203767,115.41052468617053,0,19710.3,20008.3,0.004200984269808691,0.33352790393606746
619,short,2022-09-08,09:00:00,19217.9,2022-09-08,21:00:00,19366.8,577.0526234308437,closed,-4.9386425074021,-0.8558391915869986,110.47188217876844,100000,19433.7,19022.7,0.006005366074657935,0.461642098744675
620,long,2022-09-08,21:00:00,19366.8,2022-09-09,20:00:00,21280.0,337.5860687116755,closed,33.075767805988356,9.797728896875068,143.5476499847568,0,19251.2,21399.2,0.0034862348835292926,0.2700688549693404
621,long,2022-09-10,23:00:00,21750.5,2022-09-11,03:00:00,21500.2,380.93475844917134,closed,-4.6919645140312225,-1.2316976621227065,138.85568547072558,0,21450.0,21776.9,0.0035027678301572038,0.3047478067593371
622,long,2022-09-12,00:00:00,21820.3,2022-09-12,22:00:00,22330.7,410.2556071009579,closed,9.26434972956418,2.2581896674197948,148.12003520028975,0,21566.2,22446.6,0.0037603113348666875,0.3282044856807663
623,long,2022-09-13,12:00:00,22516.3,2022-09-13,13:00:00,21397.2,392.882372072596,closed,-19.844745581836033,-5.051065405950349,128.2752896184537,0,21397.2,22708.2,0.0034897596147910274,0.3143058976580768
624,short,2022-09-13,13:00:00,21397.2,2022-09-14,03:00:00,20434.0,451.13169273715556,closed,19.94267736251532,4.420588862094109,148.21796698096904,100000,21479.7,19889.8,0.004216735766709247,0.36090535418972447
625,short,2022-09-15,15:00:00,19697.9,2022-09-16,03:00:00,19742.6,662.863273915221,closed,-2.0412415833868183,-0.3079430802268115,146.17672539758223,100000,19928.6,19556.0,0.006730293827415319,0.5302906191321769
626,short,2022-09-16,14:00:00,19519.3,2022-09-16,16:00:00,19653.3,730.8836269879021,closed,-5.609712037111393,-0.7675246550849671,140.56701336047084,100000,19770.7,19519.3,0.007488830306290719,0.5847069015903217
627,short,2022-09-16,17:00:00,19526.4,2022-09-16,21:00:00,19746.6,702.835066802345,closed,-8.495366255016911,-1.2087282858079167,132.07164710545393,100000,19746.6,19352.7,0.0071988186947142836,0.562268053441876
628,short,2022-09-18,01:00:00,19974.0,2022-09-19,13:00:00,18806.6,660.3582355272601,closed,38.06038531041764,5.763596675678389,170.13203241587158,100000,20084.9,18285.0,0.006612178186915592,0.5282865884218081
629,short,2022-09-20,07:00:00,19373.0,2022-09-21,03:00:00,19003.4,816.6672583219528,closed,14.918693510956032,1.82677747380374,185.05072592682762,100000,19551.4,18756.8,0.00843098392940642,0.6533338066575622
630,short,2022-09-21,21:00:00,18916.3,2022-09-22,08:00:00,18923.8,488.76125332348033,closed,-0.58996237359236,-0.12070563482287763,184.46076355323527,100000,18948.8,18195.3,0.005167620024248721,0.3910090026587843
631,long,2022-09-22,08:00:00,18923.8,2022-09-23,08:00:00,19216.4,305.8826674034964,closed,4.481622190662276,1.465144209936705,188.94238574389755,0,18797.5,19477.2,0.0032327827117544722,0.2447061339227971
632,long,2022-09-23,22:00:00,18999.9,2022-09-24,10:00:00,19014.7,426.74383199904486,closed,-0.013474395112246795,-0.0031574903025843744,188.9289113487853,0,18927.5,19392.6,0.004492063979274047,0.3413950655992359
633,short,2022-09-24,10:00:00,19014.7,2022-09-24,13:00:00,19146.1,944.6445567439172,closed,-7.29356392422664,-0.772096115110929,181.63534742455866,100000,19185.5,18976.6,0.009935939633482696,0.7557156453951338
634,long,2022-09-24,13:00:00,19146.1,2022-09-24,18:00:00,19076.2,537.8702606166328,closed,-2.3996113833448316,-0.44613200599598785,179.23573604121384,0,19014.2,19201.9,0.005618588230674997,0.43029620849330624
635,long,2022-09-30,15:00:00,19981.4,2022-09-30,20:00:00,19467.0,403.67154138814925,closed,-10.719074400593387,-2.655395117459244,168.51666164062044,0,19467.0,20145.9,0.004040473053821546,0.3229372331105194
636,short,2022-10-01,18:00:00,19266.8,2022-10-01,19:00:00,19290.4,842.5833082030929,closed,-1.7148976478307416,-0.20352855689581137,166.8017639927897,100000,19300.0,19233.7,0.008746479002253544,0.6740666465624744
637,short,2022-10-01,21:00:00,19243.2,2022-10-01,22:00:00,19281.3,834.0088199639393,closed,-2.327146037253769,-0.2790313461378489,164.4746179555359,100000,19301.1,19237.2,0.00866808867510538,0.6672070559711515
638,short,2022-10-02,11:00:00,19095.1,2022-10-02,19:00:00,19209.3,822.3730897776704,closed,-5.584789740816072,-0.6791065770799878,158.88982821471984,100000,19252.5,19077.9,0.00861344627446487,0.6578984718221363
639,short,2022-10-03,00:00:00,19049.4,2022-10-03,02:00:00,19210.9,794.4491410735901,closed,-7.379206152738317,-0.9288456329333206,151.51062206198154,100000,19243.0,18981.4,0.008340936103746996,0.6355593128588721
640,short,2022-10-03,05:00:00,19090.0,2022-10-03,06:00:00,19235.3,757.5531103098984,closed,-6.379954355722496,-0.8421791513881576,145.13066770625903,100000,19273.6,19059.7,0.007936648615085369,0.6060424882479187
641,long,2022-10-03,06:00:00,19235.3,2022-10-04,05:00:00,19584.8,564.2238910702841,closed,9.794544015498944,1.7359321663816003,154.925211721758,0,19121.3,19693.0,0.005866546308820598,0.45137911285622734
642,long,2022-10-04,07:00:00,19832.0,2022-10-04,18:00:00,20017.5,574.2260574125432,closed,4.905891866783977,0.8543485276321098,159.83110358854196,0,19812.5,20201.5,0.005790904169146262,0.45938084593003464
643,long,2022-10-04,20:00:00,20213.5,2022-10-05,01:00:00,20181.5,513.6615144802463,closed,-1.2291893232058326,-0.2392994780715858,158.60191426533612,0,20144.4,20433.6,0.00508236094174929,0.41092921158419704
644,long,2022-10-05,19:00:00,20259.0,2022-10-05,21:00:00,19977.5,477.0822344895569,closed,-7.0154614071043655,-1.4704931141714794,151.58645285823175,0,19977.5,20321.6,0.004709830045802429,0.38166578759164554
645,short,2022-10-05,21:00:00,19977.5,2022-10-06,00:00:00,20150.0,757.9322642911497,closed,-7.158462044349029,-0.9444725315980479,144.42799081388273,100000,20204.2,19977.5,0.0075878589842688,0.6063458114329199
646,long,2022-10-06,00:00:00,20150.0,2022-10-06,08:00:00,20214.7,434.9535745572554,closed,1.0443202946441852,0.24009925558313014,145.47231110852692,0,20141.6,20431.0,0.004317157067565811,0.34796285964580437
647,short,2022-10-07,13:00:00,19608.8,2022-10-08,00:00:00,19520.9,727.3615555426255,closed,2.6712220332109706,0.3672481742890836,148.1435331417379,100000,19693.3,19344.6,0.007418725832714145,0.5818892444341004
648,short,2022-10-08,22:00:00,19309.4,2022-10-09,05:00:00,19379.4,740.7176657086802,closed,-3.2854791494369318,-0.4435535024392264,144.85805399230097,100000,19439.9,19260.2,0.007672094065156661,0.5925741325669442
649,short,2022-10-09,23:00:00,19390.3,2022-10-10,02:00:00,19491.9,724.2902699614956,closed,-4.381990685001746,-0.6050047704264616,140.47606330729923,100000,19511.2,19368.4,0.00747064532226418,0.5794322159691965
650,short,2022-10-10,04:00:00,19441.2,2022-10-11,08:00:00,19075.1,702.380316536487,closed,12.657493614222519,1.8020854679752392,153.13355692152174,100000,19464.7,18942.9,0.007225688913611167,0.5619042532291897
651,short,2022-10-11,22:00:00,19002.1,2022-10-11,23:00:00,19033.6,765.6677846075996,closed,-1.889849301917923,-0.2468236668578736,151.2437076196038,100000,19049.8,18992.4,0.008058770184428033,0.6125342276860797
652,short,2022-10-12,18:00:00,19083.4,2022-10-12,20:00:00,19132.3,756.21853809801,closed,-2.5506621933493134,-0.33729167758364764,148.69304542625449,100000,19164.8,19057.4,0.007925406773405263,0.6049748304784079
653,short,2022-10-13,02:00:00,19100.8,2022-10-13,17:00:00,19077.5,743.4652271312632,closed,0.30435490965931133,0.04093734293851186,148.9974003359138,100000,19165.0,18174.8,0.007784650141682687,0.5947721817050106
654,short,2022-10-14,10:00:00,19641.0,2022-10-15,11:00:00,19147.1,744.9870016795597,closed,18.13014871794762,2.4336194694771223,167.1275490538614,100000,19831.6,19047.1,0.00758603942446474,0.5959896013436479
655,short,2022-10-17,03:00:00,19193.5,2022-10-17,06:00:00,19263.7,835.6377452692976,closed,-3.733552906870564,-0.4467908406491819,163.39399614699084,100000,19272.8,19156.1,0.0087075077007247,0.6685101962154382
656,long,2022-10-17,06:00:00,19263.7,2022-10-17,22:00:00,19509.5,816.9699807349446,closed,9.76227493026754,1.1949367982267127,173.1562710772584,0,19216.1,19662.7,0.008481963285712968,0.6535759845879556
657,long,2022-10-18,08:00:00,19655.8,2022-10-18,09:00:00,19526.2,842.5604806994955,closed,-6.23802188829861,-0.7403648795775218,166.91824918895978,0,19521.9,19655.8,0.008573148696054047,0.6740483845595965
658,short,2022-10-19,13:00:00,19156.6,2022-10-19,16:00:00,19259.8,834.5912459447891,closed,-5.172477337332541,-0.6197617531294736,161.74577185162724,100000,19292.4,19087.5,0.008713354623939417,0.6676729967558312
659,short,2022-10-20,01:00:00,18963.4,2022-10-20,05:00:00,19173.9,808.7288592581262,closed,-9.63266975992763,-1.1910876741512597,152.1131020916996,100000,19185.8,18933.3,0.008529365612264955,0.646983087406501
660,short,2022-10-20,19:00:00,19054.7,2022-10-21,16:00:00,19158.7,760.5655104584883,closed,-4.76757987769323,-0.6268467097356558,147.34552221400637,100000,19158.7,18697.8,0.007982970190645755,0.6084524083667907
661,long,2022-10-23,18:00:00,19468.7,2022-10-24,04:00:00,19384.0,736.727611070022,closed,-3.8021376493117955,-0.516084587055123,143.54338456469458,0,19342.2,19666.8,0.0075683287643245,0.5893820888560176
662,long,2022-10-24,22:00:00,19357.3,2022-10-25,00:00:00,19318.1,717.7169228234629,closed,-2.0350201831547508,-0.28354078306375746,141.50836438153982,0,19304.8,19357.3,0.007415465202517531,0.5741735382587704
663,short,2022-10-25,00:00:00,19318.1,2022-10-25,06:00:00,19330.6,707.5418219076892,closed,-1.0311817453095076,-0.1457414549049855,140.4771826362303,100000,19359.4,19244.5,0.007325169886352067,0.5660334575261513
664,long,2022-10-25,14:00:00,19469.4,2022-10-26,05:00:00,20192.1,702.3859131811417,closed,25.503292162824827,3.6309515444749043,165.98047479905514,0,19436.3,20388.1,0.00721528052411622,0.5619087305449134
665,long,2022-10-26,09:00:00,20658.7,2022-10-26,14:00:00,20542.9,511.5503743187989,closed,-3.281630305650022,-0.6415067743856063,162.69884449340512,0,20376.9,20714.6,0.004952396562405175,0.40924029945503915
666,long,2022-10-26,15:00:00,20820.1,2022-10-26,19:00:00,20687.0,426.32498526269313,closed,-3.0705915723772037,-0.7202466846941108,159.62825292102792,0,20660.1,20966.0,0.004095321206552256,0.34105998821015454
667,long,2022-10-29,16:00:00,20913.2,2022-10-29,17:00:00,20851.7,572.6962549101281,closed,-2.1477769056148315,-0.3750289769141021,157.4804760154131,0,20840.6,20931.9,0.005476887849875945,0.4581570039281025
668,long,2022-10-31,10:00:00,20704.7,2022-10-31,15:00:00,20326.5,723.6039898669404,closed,-13.803501262459694,-1.9076043603626265,143.6769747529534,0,20238.8,20810.1,0.00698975585125059,0.5788831918935524
669,short,2022-10-31,15:00:00,20326.5,2022-10-31,23:00:00,20467.3,718.3848737647565,closed,-5.557969513201663,-0.773675743487562,138.11900523975174,100000,20519.7,20291.1,0.007068456190340262,0.5747078990118053
670,long,2022-10-31,23:00:00,20467.3,2022-11-01,14:00:00,20411.3,551.0127026171989,closed,-1.9538047381778822,-0.35458433696677133,136.16520050157385,0,20362.5,20658.9,0.005384322334818945,0.4408101620937591
671,short,2022-11-01,14:00:00,20411.3,2022-11-02,00:00:00,20472.1,680.8260025078587,closed,-2.579336993771578,-0.37885406613003225,133.58586350780226,100000,20490.8,20339.9,0.006671069481197756,0.544660802006287
672,short,2022-11-02,08:00:00,20414.2,2022-11-02,09:00:00,20495.9,667.9293175390006,closed,-3.2140179505309225,-0.4811913276052978,130.37184555727134,100000,20495.9,20402.8,0.006543771664223929,0.5343434540312005
673,short,2022-11-02,10:00:00,20454.9,2022-11-02,17:00:00,20513.2,651.8592277863462,closed,-2.3857724594233325,-0.36599504275258876,127.986073097848,100000,20525.0,20359.2,0.006373624195535996,0.521487382229077
674,long,2022-11-02,17:00:00,20513.2,2022-11-02,20:00:00,20241.1,639.9303654892293,closed,-9.0066227688221,-1.4074379423980765,118.97945032902591,0,20160.1,20776.0,0.006239205638215679,0.5119442923913835
675,long,2022-11-03,04:00:00,20299.4,2022-11-03,12:00:00,20124.3,446.7753603834359,closed,-4.215648643589037,-0.943572322334661,114.76380168543687,0,20057.6,20372.0,0.00440185779267797,0.3574202883067487
676,short,2022-11-03,12:00:00,20124.3,2022-11-03,16:00:00,20241.0,573.8190084271736,closed,-3.7923111254637325,-0.6608897700789629,110.97149055997315,100000,20322.1,20053.4,0.005702747508506369,0.4590552067417389
677,long,2022-11-03,16:00:00,20241.0,2022-11-05,08:00:00,21374.4,432.05870159030246,closed,23.843321994912305,5.518537621659016,134.81481255488546,0,20157.3,21454.6,0.004269143832718764,0.345646961272242
678,short,2022-11-06,19:00:00,21212.4,2022-11-07,16:00:00,20756.2,674.0740627744162,closed,13.951216727281093,2.069686032697859,148.76602928216656,100000,21218.6,20610.6,0.006355471919956404,0.539259250219533
679,short,2022-11-07,23:00:00,20450.0,2022-11-08,17:00:00,20363.2,743.8301464108218,closed,2.5548474075254566,0.34347188264058326,151.320876689692,100000,20659.9,19280.5,0.007274622458785545,0.5950641171286575
680,long,2022-11-08,17:00:00,20363.2,2022-11-08,19:00:00,18584.5,278.7912352234228,closed,-24.57783617917755,-8.815856839789426,126.74304051051445,0,18514.6,20413.2,0.0027381868785202996,0.22303298817873826
681,short,2022-11-08,19:00:00,18584.5,2022-11-09,06:00:00,18386.2,295.81836834400747,closed,2.916597680634739,0.9859420484812577,129.65963819114918,100000,18710.9,16875.8,0.0031834955833517985,0.23665469467520597
682,short,2022-11-09,11:00:00,17677.0,2022-11-09,12:00:00,17800.4,288.76408330257226,closed,-2.2500892038598184,-0.7792136674775214,127.40954898728937,100000,17854.4,17544.5,0.003267116403264946,0.23101126664205782
683,short,2022-11-09,13:00:00,17603.4,2022-11-09,15:00:00,17633.7,275.1460417669284,closed,-0.6968403228468975,-0.25326198348045986,126.71270866444247,100000,17758.8,17282.8,0.003126055668415515,0.22011683341354274
684,short,2022-11-09,16:00:00,17098.4,2022-11-10,03:00:00,16194.4,241.06062770222024,closed,12.549314233372955,5.205874701726487,139.26202289781543,100000,17262.9,15525.6,0.0028196863765290346,0.1928485021617762
685,short,2022-11-11,03:00:00,17194.7,2022-11-12,02:00:00,16884.6,270.9775660316092,closed,4.667045388955975,1.7222995457902852,143.9290682867714,100000,17501.4,16400.1,0.003151873147325736,0.21678205282528734
686,short,2022-11-12,06:00:00,16695.8,2022-11-12,08:00:00,16811.3,439.89049233128736,closed,-3.4003036037938714,-0.7729886558296098,140.52876468297754,100000,16845.7,16671.1,0.005269474865909838,0.3519123938650299
687,long,2022-11-14,07:00:00,16628.1,2022-11-14,20:00:00,16245.0,247.6805112003223,closed,-5.907512282805326,-2.385134080261717,134.6212524001722,0,16209.5,17166.8,0.002979059678499917,0.19814440896025784
688,short,2022-11-14,20:00:00,16245.0,2022-11-15,02:00:00,16705.0,408.9288352828526,closed,-11.911572123145875,-2.9128716528162513,122.70968027702634,100000,16769.3,16200.1,0.005034519363285351,0.3271430682262821
689,long,2022-11-15,02:00:00,16705.0,2022-11-15,19:00:00,16723.3,209.00673586337902,closed,0.059255067407890494,0.028350793175691533,122.76893534443423,0,16634.3,17116.7,0.0025023254817525178,0.16720538869070323
690,short,2022-11-20,09:00:00,16605.5,2022-11-21,11:00:00,16124.1,613.8446767221601,closed,17.297130481783466,2.817835054650565,140.06606582621768,100000,16658.2,15905.2,0.007393269419435249,0.4910757413777281
691,short,2022-11-21,20:00:00,15712.8,2022-11-22,02:00:00,15807.5,700.3303291310774,closed,-4.790022691754262,-0.6839661931673585,135.2760431344634,100000,15939.0,15502.0,0.008914137889250514,0.5602642633048619
692,long,2022-11-24,02:00:00,16737.5,2022-11-24,08:00:00,16613.8,368.5355145297816,closed,-3.0229270076053165,-0.8202539208364494,132.2531161268581,0,16613.8,16783.2,0.0044037104051355535,0.2948284116238253
693,long,2022-11-25,12:00:00,16523.5,2022-11-26,09:00:00,16561.7,609.5403359903337,closed,0.9141611023236058,0.14997548945441783,133.1672772291817,0,16436.0,16681.1,0.007377859847978137,0.48763226879226695
694,long,2022-11-27,04:00:00,16520.0,2022-11-28,00:00:00,16422.6,665.8363861458972,closed,-4.466424029488179,-0.6707990314770064,128.70085319969354,0,16405.5,16587.8,0.008060973197892219,0.5326691089167178
695,short,2022-11-28,00:00:00,16422.6,2022-11-28,13:00:00,16178.1,643.5042659984566,closed,9.057864263660614,1.40758418277251,137.75871746335415,100000,16473.1,16045.3,0.007836813488710152,0.5148034127987653
696,short,2022-11-29,15:00:00,16355.7,2022-11-29,23:00:00,16489.4,688.7935873167598,closed,-6.190014634810861,-0.8986748350727923,131.56870282854328,100000,16489.4,16342.3,0.00842267328597076,0.5510348698534079
697,long,2022-11-29,23:00:00,16489.4,2022-11-30,00:00:00,16433.2,657.8435141427059,closed,-2.776349052805613,-0.4220379152667818,128.79235377573767,0,16423.1,16494.4,0.007978986671955388,0.5262748113141648
698,long,2022-11-30,01:00:00,16839.4,2022-11-30,12:00:00,16871.4,485.7520368528137,closed,0.5287062776830563,0.10884283288003135,129.32106005342072,0,16823.5,17042.7,0.005769232120536524,0.38860162948225097
699,long,2022-11-30,21:00:00,17090.9,2022-12-01,05:00:00,17133.0,483.6118095661575,closed,0.7987318374064502,0.1651597048721749,130.11979189082717,0,17019.9,17213.0,0.0056592901434817065,0.386889447652926
700,short,2022-12-02,15:00:00,16902.0,2022-12-02,18:00:00,16926.4,650.5989594541256,closed,-1.4673928110713135,-0.2255449059283011,128.65239907975587,100000,16958.8,16890.0,0.007698484906568758,0.5204791675633005
701,short,2022-12-03,07:00:00,16970.0,2022-12-04,02:00:00,16959.4,643.2619953987688,closed,-0.1203889273651989,-0.0187153800825071,128.53201015239065,100000,17031.5,16864.0,0.007581166710651371,0.514609596319015
702,long,2022-12-04,02:00:00,16959.4,2022-12-04,13:00:00,16950.9,642.6600507619429,closed,-0.8438061212980753,-0.13129898463389036,127.68820403109258,0,16910.0,17052.1,0.0075788064526096785,0.5141280406095543
703,short,2022-12-04,13:00:00,16950.9,2022-12-04,16:00:00,17022.2,638.4410201554527,closed,-3.2037386128144734,-0.5018065117486344,124.4844654182781,100000,17050.2,16915.3,0.007532827403329058,0.5107528161243622
704,long,2022-12-04,16:00:00,17022.2,2022-12-05,12:00:00,17302.2,622.4223270913802,closed,9.733040926037543,1.563735827331367,134.21750634431564,0,16969.3,17408.4,0.007313065609514401,0.4979378616731042
705,short,2022-12-07,07:00:00,16945.7,2022-12-07,21:00:00,16811.7,671.0875317215678,closed,4.7619085287306175,0.7095808376166224,138.97941487304627,100000,16948.2,16723.2,0.007920446269219538,0.5368700253772543
706,short,2022-12-10,22:00:00,17116.1,2022-12-11,06:00:00,17164.4,694.8970743652205,closed,-2.524970662612935,-0.36335894274982566,136.45444421043334,100000,17177.0,17098.0,0.008119806198435633,0.5559176594921764
707,long,2022-12-11,06:00:00,17164.4,2022-12-11,13:00:00,17153.6,682.2722210521556,closed,-0.9830596513946186,-0.14408613176110385,135.4713845590387,0,17136.0,17185.3,0.007949852264595972,0.5458177768417245
708,long,2022-12-11,19:00:00,17197.1,2022-12-11,21:00:00,17093.9,677.3569227951828,closed,-4.614589995209702,-0.6812641666327294,130.856794563829,0,17086.0,17248.5,0.007877571483508065,0.5418855382361463
709,long,2022-12-14,15:00:00,18055.8,2022-12-14,20:00:00,17789.5,642.5295407626041,closed,-9.997631260808975,-1.5559800175012974,120.85916330302003,0,17717.2,18349.2,0.007117153942363165,0.5140236326100833
710,short,2022-12-14,20:00:00,17789.5,2022-12-16,02:00:00,17378.7,604.2958165150895,closed,13.464333787839971,2.2281030945220452,134.32349709086,100000,17930.0,17294.0,0.006793848242110117,0.48343665321207163
711,short,2022-12-16,10:00:00,17029.1,2022-12-17,04:00:00,16667.5,671.6174854542894,closed,13.716105148595023,2.042249561045496,148.03960223945504,100000,17053.5,16538.8,0.007887879987248762,0.5372939883634316
712,short,2022-12-18,15:00:00,16676.0,2022-12-18,19:00:00,16740.0,740.1980111972648,closed,-3.4418053458050415,-0.4649844087311106,144.59779689364998,100000,16784.9,16666.7,0.008877404787686073,0.5921584089578119
713,long,2022-12-18,19:00:00,16740.0,2022-12-19,04:00:00,16673.6,722.9889844682396,closed,-3.4547989752439947,-0.4778494623656001,141.142997918406,0,16637.1,16809.5,0.008637861224232253,0.5783911875745916
714,short,2022-12-19,04:00:00,16673.6,2022-12-19,09:00:00,16747.7,705.7149895920196,closed,-3.709341191287892,-0.5256146243162975,137.4336567271181,100000,16752.0,16666.0,0.008465058410805342,0.5645719916736157
715,long,2022-12-19,09:00:00,16747.7,2022-12-19,14:00:00,16701.8,687.1682836355802,closed,-2.441245573223555,-0.35526167772291994,134.99241115389452,0,16701.8,16765.9,0.00820612124214764,0.5497346269084642
716,long,2022-12-20,03:00:00,16712.9,2022-12-20,23:00:00,16862.2,495.80906096049813,closed,4.026590548933371,0.8121252445715541,139.0190017028279,0,16669.1,17015.6,0.005933249896313604,0.3966472487683985
717,long,2022-12-22,01:00:00,16849.0,2022-12-22,13:00:00,16808.3,695.0950085141292,closed,-2.243380051456587,-0.32274437652086607,136.7756216513713,0,16785.3,16853.5,0.008250875523937672,0.5560760068113033
718,long,2022-12-22,22:00:00,16791.6,2022-12-23,15:00:00,16781.0,683.878108256846,closed,-0.9869583412692933,-0.1443178732223168,135.788663310102,0,16758.6,16916.1,0.008145478790071775,0.5471024866054768
719,short,2022-12-23,15:00:00,16781.0,2022-12-24,08:00:00,16840.3,678.9433165504994,closed,-2.950468122923626,-0.4345676658125217,132.83819518717837,100000,16884.6,16763.0,0.00809180998212859,0.5431546532403996
720,long,2022-12-27,00:00:00,16912.9,2022-12-27,09:00:00,16840.4,664.190975935881,closed,-3.3863737381562786,-0.5098494048921238,129.4518214490221,0,16836.2,16958.0,0.007854252977737479,0.5313527807487048
721,short,2022-12-28,21:00:00,16591.2,2022-12-29,05:00:00,16564.3,647.2591072450996,closed,0.5238182845933496,0.08092868508607846,129.97563973361545,100000,16591.6,16469.9,0.007802438729508409,0.5178072857960797
