,direction,entry_date,entry_time,entry_price,exit_date,exit_time,exit_price,position_size,status,profit_loss,profit_loss_percent,running_profit_loss,sl_price,drawdown,runup,slippage,commission
0,short,2021-01-02,23:00:00,32171.14,2021-01-03,05:00:00,33256.95,2207.489603321742,closed,-76.2848239063038,-3.4557274376972584,923.7151760936962,100000,33256.95,31793.73,0.013723415479350388,1.7659916826573936
1,long,2021-01-03,05:00:00,33256.95,2021-01-03,13:00:00,34156.94,1158.036900475803,closed,30.40506728492257,2.6255698132270253,954.1202433786187,0,33256.95,34822.24,0.006964179820914443,0.9264295203806424
2,short,2021-01-03,13:00:00,34156.94,2021-01-04,20:00:00,31689.27,2226.504730853796,closed,159.05971546159074,7.143919941306222,1113.1799588402096,100000,34416.0,28180.0,0.013036909810151587,1.7812037846830369
3,long,2021-01-04,20:00:00,31689.27,2021-01-05,06:00:00,30460.81,929.5545590328884,closed,-36.78443930144453,-3.95721143465911,1076.395519538765,0,30147.19,32859.76,0.00586668332235415,0.7436436472263107
4,short,2021-01-05,06:00:00,30460.81,2021-01-05,10:00:00,31604.61,1750.5535401783384,closed,-67.1450257885387,-3.835645368589999,1009.2504937502263,100000,31819.83,29964.98,0.011493808209160154,1.4004428321426707
5,long,2021-01-05,10:00:00,31604.61,2021-01-06,10:00:00,33985.94,881.6319102651412,closed,65.71792166837844,7.454122395435357,1074.9684154186048,0,31153.99,35886.99,0.005579134881051474,0.705305528212113
6,short,2021-01-06,10:00:00,33985.94,2021-01-06,21:00:00,36131.01,2168.3396642822886,closed,-138.60521383191988,-6.392227938965347,936.3632015866849,100000,36326.52,33985.94,0.012760215926246491,1.7346717314258309
7,long,2021-01-06,21:00:00,36131.01,2021-01-07,08:00:00,36906.64,982.6341251921624,closed,20.302812707832643,2.0661619810794027,956.6660142945176,0,35761.21,37785.38,0.0054392840122219795,0.78610730015373
8,short,2021-01-07,08:00:00,36906.64,2021-01-07,14:00:00,38218.92,2258.6040453354694,closed,-82.12773166413649,-3.636216442352918,874.5382826303811,100000,38443.3,36425.36,0.012239553886972477,1.8068832362683755
9,long,2021-01-07,14:00:00,38218.92,2021-01-08,00:00:00,39498.92,1088.0735032867956,closed,35.564805969542064,3.268603257234898,910.1030885999231,0,36863.72,40468.25,0.005693899792494375,0.8704588026294365
10,short,2021-01-08,00:00:00,39498.92,2021-01-08,11:00:00,40839.01,1782.6110900079266,closed,-61.91421912535835,-3.47323201748302,848.1888694745647,100000,41135.88,36690.89,0.00902612572702204,1.4260888720063414
11,long,2021-01-08,11:00:00,40839.01,2021-01-08,19:00:00,39956.48,778.0326639657007,closed,-17.43950307457648,-2.2414872642603205,830.7493663999883,0,39793.0,42047.88,0.003810242530196989,0.6224261311725606
12,short,2021-01-08,19:00:00,39956.48,2021-01-09,12:00:00,40639.04,1428.4529564643271,closed,-25.551582675558677,-1.7887591299333614,805.1977837244297,100000,41278.33,38782.92,0.007150044030226521,1.1427623651714618
13,long,2021-01-09,12:00:00,40639.04,2021-01-09,17:00:00,40071.32,838.9999670756534,closed,-12.396006005043304,-1.4774739560777055,792.8017777193863,0,40006.19,41471.98,0.004129034382089998,0.6711999736605228
14,short,2021-01-09,17:00:00,40071.32,2021-01-09,20:00:00,40769.42,1770.588805386453,closed,-32.27151057885301,-1.822642867766768,760.5302671405333,100000,40971.24,40071.32,0.008837187321937251,1.4164710443091626
15,long,2021-01-09,20:00:00,40769.42,2021-01-09,21:00:00,40704.83,952.7519650024777,closed,-2.2762971812234825,-0.23891813030451872,758.2539699593098,0,40195.05,40853.25,0.0046738558704169835,0.7622015720019822
16,short,2021-01-09,21:00:00,40704.83,2021-01-09,22:00:00,40852.32,1903.9434394369764,closed,-8.431263852372338,-0.4428316344767881,749.8227061069374,100000,40852.32,40632.37,0.009354877243987881,1.5231547515495811
17,long,2021-01-09,22:00:00,40852.32,2021-01-09,23:00:00,40327.21,986.5448207173317,closed,-13.474974629084755,-1.3658755634930906,736.3477314778527,0,40234.5,40852.32,0.004829810501422352,0.7892358565738654
18,short,2021-01-09,23:00:00,40327.21,2021-01-10,02:00:00,41251.21,1925.114003337953,closed,-45.658946979822716,-2.3717528884343846,690.6887844980299,100000,41402.41,40041.69,0.009547469330697328,1.5400912026703624
19,long,2021-01-10,02:00:00,41251.21,2021-01-10,04:00:00,40393.5,935.4654002993235,closed,-20.20344094903342,-2.159720813037967,670.4853435489965,0,40360.33,41251.21,0.00453545677956755,0.7483723202394589
20,short,2021-01-10,04:00:00,40393.5,2021-01-10,08:00:00,41056.69,1837.22470578123,closed,-31.64286448291418,-1.7223186898882308,638.8424790660823,100000,41140.0,40216.46,0.009096635378371421,1.4697797646249842
21,long,2021-01-10,08:00:00,41056.69,2021-01-10,11:00:00,40492.12,966.5765421263347,closed,-14.06935095005886,-1.4555858058698832,624.7731281160235,0,40104.49,41114.49,0.0047084971639279,0.7732612337010678
22,short,2021-01-10,11:00:00,40492.12,2021-01-11,11:00:00,35396.52,1889.3742470575667,closed,236.24136556613297,12.503682948682373,861.0144936821564,100000,40492.12,32736.5,0.009332058914463193,1.5114993976460533
23,long,2021-01-11,11:00:00,35396.52,2021-01-11,12:00:00,34218.66,559.8572163083579,closed,-19.080943266953444,-3.4081802843895197,841.933550415203,0,34156.77,35466.01,0.0031633460933919947,0.44788577304668636
24,short,2021-01-11,12:00:00,34218.66,2021-01-11,21:00:00,33494.81,1054.573823158504,closed,21.458276409684327,2.0347818178736565,863.3918268248873,100000,35097.74,30521.2,0.006163735360522615,0.8436590585268032
25,long,2021-01-11,21:00:00,33494.81,2021-01-12,14:00:00,33348.64,440.67687598599446,closed,-2.2782689295477363,-0.5169930744494394,861.1135578953396,0,33300.01,36637.6,0.0026313143796665487,0.3525415007887956
26,short,2021-01-12,14:00:00,33348.64,2021-01-12,19:00:00,35079.99,1149.5305993074671,closed,-60.60630763146786,-5.272265711585235,800.5072502638717,100000,35567.67,32627.44,0.006894017862842186,0.9196244794459737
27,long,2021-01-12,19:00:00,35079.99,2021-01-12,21:00:00,34294.85,601.5727243237515,closed,-13.948739878296847,-2.318712154706998,786.5585103855749,0,33810.55,35079.99,0.003429720044525392,0.4812581794590012
28,short,2021-01-12,21:00:00,34294.85,2021-01-13,08:00:00,35019.26,1190.5478068929226,closed,-26.107318536656734,-2.1928828380937766,760.4511918489181,100000,35185.36,32545.26,0.006943012183420675,0.9524382455143381
29,long,2021-01-13,08:00:00,35019.26,2021-01-14,13:00:00,38321.68,590.0431708199052,closed,55.16741528452551,9.349725242623625,815.6186071334437,0,34129.9,38818.97,0.0033698208975284183,0.47203453665592415
30,short,2021-01-14,13:00:00,38321.68,2021-01-14,14:00:00,39044.13,2088.3024195130715,closed,-41.050745925339385,-1.9657471801862476,774.5678612081043,100000,39044.13,38256.61,0.010898804120868771,1.6706419356104574
31,long,2021-01-14,14:00:00,39044.13,2021-01-14,19:00:00,39391.81,998.2257168521446,closed,8.085302153365664,0.8099673267146698,782.65316336147,0,38856.69,40079.93,0.005113320321657288,0.7985805734817157
32,short,2021-01-14,19:00:00,39391.81,2021-01-14,20:00:00,39925.5,2100.6856375491993,closed,-30.151823504286813,-1.4353324917032304,752.5013398571832,100000,39953.11,39391.81,0.010665595907114701,1.6805485100393596
33,long,2021-01-14,20:00:00,39925.5,2021-01-14,21:00:00,39347.95,1038.2969729913048,closed,-15.855523331751908,-1.5270701681882577,736.6458165254313,0,39347.95,39925.5,0.0052011720478957295,0.8306375783930439
34,short,2021-01-14,21:00:00,39347.95,2021-01-16,00:00:00,36755.24,2015.0276782548578,closed,131.15167726619632,6.508678698636141,867.7974937916276,100000,39750.0,34534.08,0.010242097381209736,1.6120221426038863
35,long,2021-01-16,00:00:00,36755.24,2021-01-16,19:00:00,36528.97,898.313714863626,closed,-6.253674195930861,-0.6961570431862145,861.5438195956967,0,35587.43,37976.08,0.004888085153918876,0.7186509718909009
36,short,2021-01-16,19:00:00,36528.97,2021-01-17,16:00:00,35749.53,1967.8217548244272,closed,40.40353239501493,2.0532109829540843,901.9473519907117,100000,36787.54,33934.79,0.010774033622215066,1.5742574038595418
37,long,2021-01-17,16:00:00,35749.53,2021-01-18,04:00:00,35148.25,1037.3627601123387,closed,-18.283349119364182,-1.7624836578271068,883.6640028713475,0,34945.78,36850.0,0.005803504326419614,0.829890208089871
38,short,2021-01-18,04:00:00,35148.25,2021-01-18,08:00:00,36139.12,2251.5057848907663,closed,-65.28657980965559,-2.8996851905855983,818.377423061692,100000,36271.6,34854.81,0.012811481566739547,1.8012046279126133
39,long,2021-01-18,08:00:00,36139.12,2021-01-18,18:00:00,35717.07,1075.3843382681919,closed,-13.42511360960596,-1.2484014441967677,804.952309452086,0,35483.71,37493.8,0.005951358739605125,0.8603074706145535
40,short,2021-01-18,18:00:00,35717.07,2021-01-19,00:00:00,36686.86,2052.1090573245992,closed,-57.372049913186245,-2.7957602793286256,747.5802595388997,100000,36833.6,35614.5,0.011490914889292988,1.6416872458596794
41,long,2021-01-19,00:00:00,36686.86,2021-01-19,06:00:00,36307.88,1135.1470905278957,closed,-12.640521966122325,-1.113558064113427,734.9397375727773,0,36210.9,37369.81,0.006188303335460684,0.9081176724223166
42,short,2021-01-19,06:00:00,36307.88,2021-01-19,08:00:00,37225.61,2367.677355116401,closed,-61.75338110659815,-2.608183964472735,673.1863564661792,100000,37275.24,36269.71,0.013042223093809946,1.894141884093121
43,long,2021-01-19,08:00:00,37225.61,2021-01-19,15:00:00,37064.69,1080.0258468057732,closed,-5.538591878221296,-0.512820308384465,667.6477645879579,0,36780.26,37643.11,0.005802595830159792,0.8640206774446186
44,short,2021-01-19,15:00:00,37064.69,2021-01-19,16:00:00,37376.48,2186.197171139414,closed,-20.15115280245201,-0.9217445282828504,647.4966117855059,100000,37384.11,36911.57,0.011796656986147269,1.7489577369115312
45,long,2021-01-19,16:00:00,37376.48,2021-01-19,19:00:00,36554.04,1066.8835795292455,closed,-24.335148469893998,-2.280956323334895,623.161463315612,0,36554.04,37880.97,0.005708849948038153,0.8535068636233965
46,short,2021-01-19,19:00:00,36554.04,2021-01-20,18:00:00,34872.01,1956.3417459874308,closed,88.44506607490835,4.5209415101586545,711.6065293905203,100000,36816.38,33541.84,0.010703833261589859,1.5650733967899448
47,long,2021-01-20,18:00:00,34872.01,2021-01-21,05:00:00,34282.7,880.6299338303376,closed,-15.591519415697325,-1.7704961887772024,696.015009974823,0,34258.22,35690.23,0.005050640521325485,0.7045039470642701
48,short,2021-01-21,05:00:00,34282.7,2021-01-21,08:00:00,34681.91,1844.2956641496373,closed,-22.96237108484141,-1.2450482604929203,673.0526388899816,100000,35046.75,34056.0,0.010759337299277114,1.47543653131971
49,long,2021-01-21,08:00:00,34681.91,2021-01-21,09:00:00,33277.88,951.7232853844608,closed,-39.295542088031304,-4.128883120912332,633.7570968019503,0,33265.09,34724.11,0.005488297993879004,0.7613786283075687
50,short,2021-01-21,09:00:00,33277.88,2021-01-21,20:00:00,32473.64,1552.7469218543984,closed,36.27433401584281,2.336139489654984,670.0314308177931,100000,33510.29,31122.5,0.009332006256735095,1.2421975374835188
51,long,2021-01-21,20:00:00,32473.64,2021-01-21,23:00:00,30918.79,626.7318448893847,closed,-30.513400002008265,-4.8686531968698255,639.5180308157849,0,30131.88,32482.45,0.003859942063097236,0.5013854759115077
52,short,2021-01-21,23:00:00,30918.79,2021-01-22,04:00:00,30944.04,1118.9982712386047,closed,-1.816273018771241,-0.1623124061452599,637.7017577970137,100000,31462.83,28908.08,0.007238305711436992,0.8951986169908839
53,long,2021-01-22,04:00:00,30944.04,2021-01-23,03:00:00,32286.0,513.7686467459109,closed,21.866432353799695,4.25608539802818,659.5681901508134,0,30543.54,33793.87,0.003320630704626228,0.41101491739672874
54,short,2021-01-23,03:00:00,32286.0,2021-01-23,20:00:00,32356.2,1442.2161335312148,closed,-4.298542026585816,-0.2980511676887838,655.2696481242276,100000,33435.81,31414.5,0.008934003181138666,1.153772906824972
55,long,2021-01-23,20:00:00,32356.2,2021-01-24,01:00:00,31895.51,859.4656416821014,closed,-12.930021243260372,-1.504425612401958,642.3396268809672,0,31695.18,32535.76,0.0053125252142223215,0.6875725133456811
56,short,2021-01-24,01:00:00,31895.51,2021-01-24,04:00:00,32494.03,1791.3564423210187,closed,-35.05916384475849,-1.957129414140111,607.2804630362087,100000,32494.03,31804.01,0.01123265589621247,1.433085153856815
57,long,2021-01-24,04:00:00,32494.03,2021-01-24,14:00:00,32262.17,903.0887022766804,closed,-7.171986895989159,-0.794161955288404,600.1084761402196,0,32135.01,33098.67,0.005558489988940617,0.7224709618213443
58,short,2021-01-24,14:00:00,32262.17,2021-01-25,00:00:00,32275.63,2078.0893497603624,closed,-2.5423472140732915,-0.1223406113104071,597.5661289261463,100000,32389.81,30970.5,0.012882514410905172,1.66247147980829
59,long,2021-01-25,00:00:00,32275.63,2021-01-25,19:00:00,33704.46,1000.8031603993395,closed,43.49833533954264,4.346342723596714,641.064464265689,0,32207.84,34827.99,0.006201602635792637,0.8006425283194717
60,short,2021-01-25,19:00:00,33704.46,2021-01-26,16:00:00,31764.99,1946.4697549437437,closed,110.4378065120278,5.673748910381587,751.5022707777168,100000,33840.0,30852.74,0.01155022068262624,1.557175803954995
61,long,2021-01-26,16:00:00,31764.99,2021-01-27,04:00:00,31817.08,878.4942230350989,closed,0.7322771726192032,0.08335594627922172,752.234547950336,0,31361.86,32874.15,0.005531210449209012,0.7027953784280792
62,short,2021-01-27,04:00:00,31817.08,2021-01-27,21:00:00,31533.14,2029.8263773059166,closed,16.477829446024067,0.811785166960646,768.7123773963601,100000,31951.58,29343.96,0.012759350495431488,1.6238611018447333
63,long,2021-01-27,21:00:00,31533.14,2021-01-29,06:00:00,33030.0,792.101883236002,closed,36.96191489021771,4.666308169754109,805.6742922865778,0,29907.68,34332.86,0.005023932809964387,0.6336815065888016
64,short,2021-01-29,06:00:00,33030.0,2021-01-29,09:00:00,36397.81,2137.2905104250362,closed,-219.64552153993617,-10.276821071752943,586.0287707466416,100000,36397.81,31979.01,0.012941510810929677,1.7098324083400291
65,long,2021-01-29,09:00:00,36397.81,2021-01-29,18:00:00,35824.05,570.369360658134,closed,-9.450495915512077,-1.6569080612267462,576.5782748311295,0,35254.0,38582.84,0.0031340861478101794,0.45629548852650725
66,short,2021-01-29,18:00:00,35824.05,2021-01-30,11:00:00,34327.52,859.0572579307875,closed,35.19460302871395,4.096886756243378,611.7728778598434,100000,36060.48,32889.9,0.004795980677398493,0.6872458063446301
67,long,2021-01-30,11:00:00,34327.52,2021-01-30,12:00:00,33707.77,558.8154126326482,closed,-10.539177105260578,-1.8859854018000715,601.2337007545829,0,33623.98,34327.52,0.0032557866844598634,0.44705233010611856
68,short,2021-01-30,12:00:00,33707.77,2021-01-30,14:00:00,34276.22,1088.8613934284213,closed,-19.240178240872307,-1.766999762962677,581.9935225137106,100000,34366.46,33546.94,0.006460595841424226,0.8710891147427371
69,long,2021-01-30,14:00:00,34276.22,2021-01-31,03:00:00,33789.89,568.181836364515,closed,-8.519539475035922,-1.4994388996219588,573.4739830386746,0,33592.56,34810.74,0.0033153121106383084,0.45454546909161203
70,short,2021-01-31,03:00:00,33789.89,2021-01-31,13:00:00,34015.0,1575.0103719137674,closed,-11.762131473898023,-0.7467970804284968,561.7118515647767,100000,34211.52,33295.67,0.009322376438122571,1.2600082975310138
71,long,2021-01-31,13:00:00,34015.0,2021-01-31,15:00:00,33365.0,873.5136150941697,closed,-17.396107747410603,-1.9915096281052476,544.3157438173661,0,33365.0,34090.75,0.005136049478725091,0.6988108920753359
72,short,2021-01-31,15:00:00,33365.0,2021-02-01,00:00:00,33126.21,1708.0846571249199,closed,10.847886188384768,0.6350906638693268,555.1636300057509,100000,33492.72,32215.76,0.01023878110070385,1.366467725699936
73,long,2021-02-01,00:00:00,33126.21,2021-02-01,15:00:00,33568.84,851.0880436072017,closed,10.686167422241027,1.255588949052721,565.8497974279919,0,32383.7,34715.99,0.005138457092478746,0.6808704348857614
74,short,2021-02-01,15:00:00,33568.84,2021-02-02,06:00:00,34020.31,1618.400260242181,closed,-23.070356350032064,-1.4255037469272136,542.7794410779599,100000,34200.0,33174.45,0.009642276946371584,1.294720208193745
75,long,2021-02-02,06:00:00,34020.31,2021-02-03,09:00:00,36063.73,1019.9477382863282,closed,60.44090918716371,5.9258829563869515,603.2203502651236,0,33960.74,36881.3,0.005996110783742584,0.8159581906290626
76,short,2021-02-03,09:00:00,36063.73,2021-02-03,16:00:00,36891.1,2281.9264006024273,closed,-54.18989254354717,-2.3747432226228273,549.0304577215763,100000,36948.96,35630.89,0.012654966086993373,1.8255411204819418
77,long,2021-02-03,16:00:00,36891.1,2021-02-04,05:00:00,37719.99,1057.4818067217452,closed,22.908378030155788,2.1663141516517515,571.9388357517321,0,36699.45,38377.31,0.0057329914625573394,0.8459854453773962
78,short,2021-02-04,05:00:00,37719.99,2021-02-04,22:00:00,37683.1,2190.9533791763074,closed,0.37836404091252973,0.017269378915528377,572.3171997926446,100000,38798.49,36309.96,0.011616935100864596,1.752762703341046
79,long,2021-02-04,22:00:00,37683.1,2021-02-04,23:00:00,37292.27,909.4677598142512,closed,-10.16493944903825,-1.1176800210173836,562.1522603436064,0,37013.79,37683.1,0.00482692644614828,0.7275742078514009
80,short,2021-02-04,23:00:00,37292.27,2021-02-05,07:00:00,37422.39,1737.089859950609,closed,-7.460033133032669,-0.4294557987486486,554.6922272105737,100000,37694.28,36645.75,0.009316085397593706,1.3896718879604872
81,long,2021-02-05,07:00:00,37422.39,2021-02-05,19:00:00,37453.9,929.4395802388558,closed,0.03407780461837595,0.0036664895000079866,554.7263050151921,0,37303.39,38360.74,0.004967291400890514,0.7435516641910846
82,short,2021-02-05,19:00:00,37453.9,2021-02-06,00:00:00,38362.65,2001.3938613118505,closed,-50.17194350049412,-2.5068500743580775,504.554361514698,100000,38381.0,37277.81,0.010687238772527564,1.6011150890494805
83,long,2021-02-06,00:00:00,38362.65,2021-02-06,19:00:00,40358.48,1001.9366786967346,closed,51.31932588614087,5.122012895355253,555.8736874008389,0,38302.44,40990.0,0.005223500872315831,0.8015493429573877
84,short,2021-02-06,19:00:00,40358.48,2021-02-07,10:00:00,39550.61,2218.5958001349677,closed,42.62454746840689,1.9212398881226511,598.4982348692458,100000,40533.52,38000.0,0.01099444676873345,1.7748766401079743
85,long,2021-02-07,10:00:00,39550.61,2021-02-07,13:00:00,38886.56,1027.674188642909,closed,-18.08186252095027,-1.7594936917534343,580.4163723482956,0,38654.05,39725.15,0.005196755188569324,0.8221393509143272
86,short,2021-02-07,13:00:00,38886.56,2021-02-07,22:00:00,38570.0,1919.1803840008406,closed,14.078068303287413,0.7335458626322249,594.494440651583,100000,39140.1,37464.79,0.009870661657913895,1.5353443072006725
87,long,2021-02-07,22:00:00,38570.0,2021-02-09,09:00:00,47253.24,962.5669891880993,closed,215.92705996322127,22.43241897848068,810.4215006148042,0,38091.7,48209.97,0.0049912729540477025,0.7700535913504795
88,short,2021-02-09,09:00:00,47253.24,2021-02-11,04:00:00,45518.84,1787.4293020387122,closed,64.16894238282335,3.5900128922376573,874.5904429976276,100000,47597.29,43865.26,0.007565319550738584,1.4299434416309698
89,long,2021-02-11,04:00:00,45518.84,2021-02-11,22:00:00,46957.72,1228.4216437591915,closed,37.843068668701356,3.0806253586427172,912.433511666329,0,44463.11,48778.08,0.005397420688924373,0.9827373150073533
90,short,2021-02-11,22:00:00,46957.72,2021-02-11,23:00:00,47784.21,2382.821519538975,closed,-43.85579654564273,-1.8404985932025615,868.5777151206862,100000,47784.21,46957.72,0.010148795638029166,1.90625721563118
91,long,2021-02-11,23:00:00,47784.21,2021-02-12,04:00:00,47690.9,1157.4473328288452,closed,-3.1909926987490094,-0.27569225901191563,865.3867224219372,0,47540.58,49082.79,0.004844476168294277,0.9259578662630762
92,short,2021-02-12,04:00:00,47690.9,2021-02-12,22:00:00,47961.99,2371.981666494219,closed,-15.390618727474124,-0.6488506612372517,849.996103694463,100000,48258.52,46332.4,0.009947313497938681,1.8975853331953754
93,long,2021-02-12,22:00:00,47961.99,2021-02-13,00:00:00,47361.03,1375.6503848835139,closed,-18.343048930605164,-1.333409210084901,831.6530547638579,0,47304.0,47961.99,0.005736419130580337,1.100520307906811
94,short,2021-02-13,00:00:00,47361.03,2021-02-13,03:00:00,47962.96,2760.8539599993983,closed,-37.30912323305804,-1.3513617081385272,794.3439315307999,100000,48060.25,47361.03,0.011658758097108101,2.208683167999519
95,long,2021-02-13,03:00:00,47962.96,2021-02-13,08:00:00,47036.2,1451.0144958438705,closed,-29.20395983163468,-2.0126580344499216,765.1399716991651,0,47036.2,48193.78,0.006050562750271753,1.1608115966750965
96,short,2021-02-13,08:00:00,47036.2,2021-02-13,22:00:00,47195.01,2868.5216108867307,closed,-11.992106213986368,-0.41805877175453154,753.1478654851787,100000,47648.16,46355.62,0.012197080592763579,2.2948172887093845
97,long,2021-02-13,22:00:00,47195.01,2021-02-14,16:00:00,48630.09,1552.890858685755,closed,45.97056077808525,2.960321423811531,799.1184262632639,0,46939.99,49802.0,0.006580741729626734,1.242312686948604
98,short,2021-02-14,16:00:00,48630.09,2021-02-15,11:00:00,47898.53,3046.787078053168,closed,43.383957824295784,1.423924833369623,842.5023840875597,100000,49354.71,45835.43,0.012530460371564882,2.4374296624425345
99,long,2021-02-15,11:00:00,47898.53,2021-02-16,01:00:00,47745.69,1406.4493320319427,closed,-5.618888308121631,-0.3995087615423616,836.883495779438,0,47168.87,48851.06,0.0058726200241716936,1.1251594656255541
100,short,2021-02-16,01:00:00,47745.69,2021-02-16,03:00:00,48503.43,3200.1098007701407,closed,-53.36030085242333,-1.6674521867837662,783.5231949270147,100000,48682.23,47678.22,0.013404811201891274,2.5600878406161125
101,long,2021-02-16,03:00:00,48503.43,2021-02-16,12:00:00,49013.86,1524.6616662253793,closed,14.818891481221407,0.9719462231846289,798.3420864082361,0,48471.59,50115.22,0.006286819988711641,1.2197293329803036
102,short,2021-02-16,12:00:00,49013.86,2021-02-16,13:00:00,49766.11,3007.614552571211,closed,-48.57832884357931,-1.6151780088326038,749.7637575646568,100000,50775.33,48680.0,0.012272506399500921,2.406091642056969
103,long,2021-02-16,13:00:00,49766.11,2021-02-16,14:00:00,49052.3,1178.8367391850265,closed,-17.856210083789087,-1.5147313864796703,731.9075474808677,0,49052.3,49889.99,0.004737508071999305,0.9430693913480213
104,short,2021-02-16,14:00:00,49052.3,2021-02-17,01:00:00,49177.9,2219.4221376772657,closed,-7.467489054315211,-0.3364609610558496,724.4400584265525,100000,49661.79,47929.51,0.00904920722444112,1.7755377101418126
105,long,2021-02-17,01:00:00,49177.9,2021-02-17,18:00:00,51470.0,1252.856329051253,closed,57.38616626454169,4.580426736399883,781.8262246910941,0,49106.92,51751.92,0.0050952006045449395,1.0022850632410023
106,short,2021-02-17,18:00:00,51470.0,2021-02-17,20:00:00,52250.27,2914.104109085365,closed,-46.51956449997172,-1.596359044103355,735.3066601911224,100000,52458.51,51403.2,0.011323505378221741,2.3312832872682923
107,long,2021-02-17,20:00:00,52250.27,2021-02-18,02:00:00,52250.47,1363.8130054652022,closed,-1.091050404372048,-0.07999999999999166,734.2156097867504,0,52037.91,52673.79,0.005220309887260688,1.0910504043721618
108,short,2021-02-18,02:00:00,52250.47,2021-02-19,08:00:00,51812.0,3033.202235559483,closed,23.01553555112961,0.7587867133061217,757.23114533788,100000,52512.65,50856.18,0.011610239048795094,2.4265617884475867
109,long,2021-02-19,08:00:00,51812.0,2021-02-20,05:00:00,55888.44,1945.4489532486948,closed,151.4992426514685,7.787366633212386,908.7303879893485,0,51812.0,56668.87,0.007509646233492994,1.556359162598956
110,short,2021-02-20,05:00:00,55888.44,2021-02-20,13:00:00,57379.8,3424.246070102462,closed,-94.12624659320166,-2.74881666405432,814.6041413961468,100000,57684.47,55226.16,0.012253861693410882,2.73939685608197
111,long,2021-02-20,13:00:00,57379.8,2021-02-20,15:00:00,56363.42,1615.7139027465687,closed,-29.917669837321988,-1.8516687754227177,784.6864715588248,0,56363.42,57613.65,0.00563164703518161,1.2925711221972551
112,short,2021-02-20,15:00:00,56363.42,2021-02-21,11:00:00,57676.76,2877.842626598979,closed,-69.36991129829161,-2.410483139596575,715.3165602605332,100000,57939.88,54160.77,0.010211738842671292,2.3022741012791834
113,long,2021-02-21,11:00:00,57676.76,2021-02-21,22:00:00,57395.57,1373.502162598889,closed,-7.799763669232847,-0.5678741454963877,707.5167965913002,0,56802.82,58459.99,0.004762757695123267,1.0988017300791113
114,short,2021-02-21,22:00:00,57395.57,2021-02-22,21:00:00,53832.64,2924.802784030121,closed,179.21219432799498,6.127325757022712,886.7289909192953,100000,57665.88,48000.0,0.01019173704183135,2.339842227224097
115,long,2021-02-22,21:00:00,53832.64,2021-02-23,03:00:00,51283.61,893.2586953496416,closed,-43.01462909797972,-4.8154727540763345,843.7143618213155,0,51007.13,54992.26,0.0033186508978554335,0.7146069562797133
116,short,2021-02-23,03:00:00,51283.61,2021-02-23,16:00:00,48634.4,1581.7788151882698,closed,80.4399775470248,5.085412497287145,924.1543393683403,100000,52550.0,44979.37,0.006168749880081648,1.265423052150616
117,long,2021-02-23,16:00:00,48634.4,2021-02-23,20:00:00,45550.52,515.7838833383034,closed,-33.12031464730026,-6.421355090224212,891.03402472104,0,45550.52,49216.4,0.0021210660904146176,0.4126271066706428
118,short,2021-02-23,20:00:00,45550.52,2021-02-23,21:00:00,47869.84,998.3883165108019,closed,-51.63856205146129,-5.172192141824067,839.3954626695788,100000,47869.84,45383.36,0.004383652772836851,0.7987106532086415
119,long,2021-02-23,21:00:00,47869.84,2021-02-24,15:00:00,49451.78,484.8011072275002,closed,15.631207921275378,3.2242516958485816,855.0266705908542,0,47000.28,51347.71,0.0020254970863804863,0.3878408857820002
120,short,2021-02-24,15:00:00,49451.78,2021-02-25,01:00:00,50544.29,1521.6778618173976,closed,-34.84105849110513,-2.289647458595023,820.185612099749,100000,50874.82,48061.12,0.0061541884309013655,1.217342289453918
121,long,2021-02-25,01:00:00,50544.29,2021-02-25,10:00:00,49008.9,883.1174191245276,closed,-27.536552832821638,-3.118107766475698,792.6490592669275,0,48733.97,50882.3,0.0034944300102920734,0.7064939352996221
122,short,2021-02-25,10:00:00,49008.9,2021-02-25,13:00:00,51557.64,2018.8197819654781,closed,-106.61334175002858,-5.280973700695175,686.0357175168989,100000,51557.64,48969.36,0.008238584346783862,1.6150558255723826
123,long,2021-02-25,13:00:00,51557.64,2021-02-25,18:00:00,49595.01,892.419689565596,closed,-34.68888377623305,-3.8870594387175155,651.3468337406658,0,49361.95,52115.21,0.00346183296817153,0.7139357516524768
124,short,2021-02-25,18:00:00,49595.01,2021-02-26,11:00:00,46704.49,1617.046494077071,closed,92.94531593249951,5.747844373859395,744.2921496731653,100000,50089.26,44111.0,0.006521004811077046,1.2936371952616568
125,long,2021-02-26,11:00:00,46704.49,2021-02-26,23:00:00,45510.0,723.5429839346009,closed,-19.08689576361977,-2.6379767598361483,725.2052539095456,0,45201.27,48420.96,0.0030983872597028722,0.5788343871476808
126,short,2021-02-26,23:00:00,45510.0,2021-02-27,01:00:00,47560.09,1475.4750587481776,closed,-67.65262259151174,-4.585141727092939,657.5526313180338,100000,47560.09,45423.29,0.006484179559429478,1.1803800469985422
127,long,2021-02-27,01:00:00,47560.09,2021-02-27,10:00:00,46707.23,688.8960121417223,closed,-12.907477618063679,-1.8736467319552874,644.6451536999701,0,46265.21,48430.74,0.0028969499937519985,0.5511168097133778
128,short,2021-02-27,10:00:00,46707.23,2021-02-27,13:00:00,47468.27,1610.1205292015675,closed,-27.530032664268514,-1.7098119156284661,617.1151210357016,100000,47803.63,46707.23,0.006894523735197174,1.288096423361254
129,long,2021-02-27,13:00:00,47468.27,2021-02-27,16:00:00,46573.05,791.1108221449899,closed,-15.5560457975288,-1.966354821863097,601.5590752381728,0,46377.78,47649.91,0.0033332195259906886,0.632888657715992
130,short,2021-02-27,16:00:00,46573.05,2021-02-27,20:00:00,47439.35,1540.0996306218701,closed,-29.885911264462834,-1.9405180463808913,571.67316397371,100000,47490.0,46362.21,0.006613694532017423,1.2320797044974963
131,long,2021-02-27,20:00:00,47439.35,2021-02-27,22:00:00,46844.0,843.709680792968,closed,-11.266835053023948,-1.335392411573933,560.4063289206861,0,46645.09,47533.33,0.0035570035457609265,0.6749677446343745
132,short,2021-02-27,22:00:00,46844.0,2021-02-28,11:00:00,45225.43,1676.8423371063996,closed,56.590200050195406,3.3748074459909483,616.9965289708815,100000,46844.0,43881.17,0.0071592619635658765,1.3414738696851196
133,long,2021-02-28,11:00:00,45225.43,2021-02-28,16:00:00,43424.6,760.0974367206163,closed,-30.87773567196604,-4.062339139727365,586.1187932989154,0,43261.83,45530.0,0.003361371850839744,0.6080779493764931
134,short,2021-02-28,16:00:00,43424.6,2021-02-28,20:00:00,44430.33,1349.8593930362133,closed,-32.349353651985155,-2.396498021858585,553.7694396469303,100000,44495.48,43159.23,0.00621702626177887,1.0798875144289708
135,long,2021-02-28,20:00:00,44430.33,2021-03-01,21:00:00,48527.38,656.5520160707601,closed,60.01437461415523,9.140840808519755,613.7838142610856,0,44160.65,49318.67,0.0029554226406635297,0.5252416128566082
136,short,2021-03-01,21:00:00,48527.38,2021-03-01,23:00:00,49132.94,1868.6451337913832,closed,-24.820932806172387,-1.3282849888042687,588.9628814549131,100000,49307.98,48384.21,0.007701405407798168,1.4949161070331065
137,long,2021-03-01,23:00:00,49132.94,2021-03-02,03:00:00,49290.25,933.6525498452751,closed,2.2385730700477735,0.23976511073833087,591.2014545249609,0,49077.64,50210.0,0.0038005157022774337,0.7469220398762201
138,short,2021-03-02,03:00:00,49290.25,2021-03-03,01:00:00,48517.29,1992.3416231326137,closed,29.641551814816662,1.4877745598774588,620.8430063397776,100000,49666.0,47179.23,0.008084120584223508,1.593873298506091
139,long,2021-03-03,01:00:00,48517.29,2021-03-03,17:00:00,51101.36,1076.591728272635,closed,56.47443248495638,5.245668436963399,677.317438824734,0,48469.56,52615.21,0.0044379714047204,0.861273382618108
140,short,2021-03-03,17:00:00,51101.36,2021-03-04,17:00:00,49723.33,2266.223597172311,closed,59.29049975554946,2.6162687490117653,736.6079385802835,100000,51756.61,48651.93,0.008869523618049739,1.812978877737849
141,long,2021-03-04,17:00:00,49723.33,2021-03-04,18:00:00,48541.69,1015.6134732361311,closed,-24.951916420624315,-2.45683196197841,711.6560221596592,0,48444.39,49915.67,0.004085058153732387,0.812490778588905
142,short,2021-03-04,18:00:00,48541.69,2021-03-05,07:00:00,47400.0,1810.08731333362,closed,41.11733253431801,2.271566251607643,752.7733546939772,100000,48690.0,46405.78,0.007457866890640272,1.448069850666896
143,long,2021-03-05,07:00:00,47400.0,2021-03-06,05:00:00,48485.0,1076.070335297567,closed,23.766171152242975,2.208607594936709,776.5395258462202,0,46536.91,49418.83,0.00454038116159311,0.8608562682380536
144,short,2021-03-06,05:00:00,48485.0,2021-03-06,19:00:00,48479.48,2782.924935834516,closed,-1.9209844643192429,-0.06902753428896195,774.618541381901,100000,49114.02,47173.54,0.011479529486787732,2.2263399486676128
145,long,2021-03-06,19:00:00,48479.48,2021-03-07,19:00:00,50454.84,1506.0688187351739,closed,60.155681155650996,3.994218617856448,834.774222537552,0,48268.26,51351.22,0.006213221836270413,1.2048550549881392
146,short,2021-03-07,19:00:00,50454.84,2021-03-08,02:00:00,51586.0,3547.353228373858,closed,-82.38096603025458,-2.3223220448226645,752.3932565072973,100000,51808.74,49826.68,0.014061498275978513,2.8378825826990868
147,long,2021-03-08,02:00:00,51586.0,2021-03-08,03:00:00,50757.1,1556.4520441711077,closed,-26.260754816088788,-1.6872190129104823,726.1325016912085,0,50568.3,51586.0,0.006034397100651757,1.2451616353368862
148,short,2021-03-08,03:00:00,50757.1,2021-03-08,14:00:00,51016.21,2806.4204473499226,closed,-16.582694772413276,-0.5908841915712296,709.5498069187952,100000,51049.87,49326.34,0.011058237950355411,2.245136357879938
149,long,2021-03-08,14:00:00,51016.21,2021-03-09,13:00:00,53801.03,1393.6573182576049,closed,74.95513190873014,5.378304331113581,784.5049388275253,0,50240.75,54481.52,0.0054635862533010775,1.1149258546060838
150,short,2021-03-09,13:00:00,53801.03,2021-03-10,01:00:00,55570.36,3233.855631104935,closed,-108.94944513086305,-3.369026250984417,675.5554936966622,100000,55779.98,53680.01,0.012021537993250075,2.5870845048839484
151,long,2021-03-10,01:00:00,55570.36,2021-03-10,02:00:00,54733.7,1452.4820818099972,closed,-23.035591576648127,-1.585946695324636,652.5199021200141,0,54580.0,55837.3,0.005227542459001516,1.1619856654479979
152,short,2021-03-10,02:00:00,54733.7,2021-03-10,10:00:00,55282.48,2563.693940945773,closed,-27.764851704614546,-1.083001806930659,624.7550504153995,100000,55388.43,53198.74,0.00936788099816301,2.0509551527566185
153,long,2021-03-10,10:00:00,55282.48,2021-03-11,00:00:00,55947.98,1158.582804885385,closed,13.016161277473632,1.1234554166166206,637.7712116928732,0,54647.99,57421.99,0.004191500833122483,0.9268662439083081
154,short,2021-03-11,00:00:00,55947.98,2021-03-11,13:00:00,56347.22,2130.072029095895,closed,-16.91168390937426,-0.7939489218377462,620.859527783499,100000,56515.68,54471.82,0.0076144734058169565,1.704057623276716
155,long,2021-03-11,13:00:00,56347.22,2021-03-12,02:00:00,56983.86,1079.9423103272093,closed,11.333959091979978,1.049496716963143,632.1934868754789,0,56094.85,58245.97,0.0038331698008427363,0.8639538482617675
156,short,2021-03-12,02:00:00,56983.86,2021-03-12,17:00:00,57442.69,2002.4661432928422,closed,-17.732716492828462,-0.8855438855844474,614.4607703826505,100000,57659.0,55233.61,0.007028187080667552,1.6019729146342738
157,long,2021-03-12,17:00:00,57442.69,2021-03-13,01:00:00,56750.0,1044.1367546098586,closed,-13.429982736389181,-1.2862283294880554,601.0307876462613,0,56325.47,57822.88,0.00363540340680375,0.8353094036878869
158,short,2021-03-13,01:00:00,56750.0,2021-03-13,08:00:00,57389.96,2156.8625035293107,closed,-26.05565917038859,-1.2080352422907477,574.9751284758727,100000,57412.1,56173.62,0.007601277545477747,1.7254900028234488
159,long,2021-03-13,08:00:00,57389.96,2021-03-14,02:00:00,61141.47,1176.9411922046359,closed,75.98952111788881,6.456526598032133,650.9646495937615,0,57235.71,61906.24,0.0041015578062944666,0.9415529537637087
160,short,2021-03-14,02:00:00,61141.47,2021-03-15,04:00:00,60488.0,2727.9915304742153,closed,26.965009137927158,0.9884564829730151,677.9296587316886,100000,61499.99,58911.01,0.008923539229508925,2.182393224379372
161,long,2021-03-15,04:00:00,60488.0,2021-03-15,06:00:00,59138.02,1422.6752490373945,closed,-32.89431775089824,-2.312145218886396,645.0353409807904,0,59138.02,60673.61,0.004703991697650425,1.1381401992299156
162,short,2021-03-15,06:00:00,59138.02,2021-03-15,20:00:00,56602.01,2531.988028760825,closed,106.54484469152466,4.207952149902879,751.580185672315,100000,59428.28,55234.95,0.008562978702231916,2.02559042300866
163,long,2021-03-15,20:00:00,56602.01,2021-03-16,01:00:00,54146.33,1118.8056599814738,closed,-49.438416825811736,-4.4188565176395675,702.1417688465033,0,54000.0,56972.31,0.003953236501606476,0.8950445279851791
164,short,2021-03-16,01:00:00,54146.33,2021-03-16,07:00:00,55087.1,1879.7398837652015,closed,-34.170435028097856,-1.8178278453959795,667.9713338184055,100000,55350.0,53380.77,0.006943184824401586,1.5037919070121613
165,long,2021-03-16,07:00:00,55087.1,2021-03-17,04:00:00,55561.82,920.221236449505,closed,7.190604074283928,0.7813994928032173,675.1619378926894,0,54762.4,57191.64,0.0033409681629619457,0.7361769891596041
166,short,2021-03-17,04:00:00,55561.82,2021-03-17,07:00:00,56337.6,2423.9398493511385,closed,-35.79205382364857,-1.4766065186489552,639.3698840690408,100000,56337.6,55321.09,0.008725199604156735,1.9391518794809108
167,long,2021-03-17,07:00:00,56337.6,2021-03-17,08:00:00,55862.73,1223.3259031157054,closed,-11.294425625384637,-0.9232556587429981,628.0754584436562,0,55751.24,56337.6,0.004342839961644462,0.9786607224925643
168,short,2021-03-17,08:00:00,55862.73,2021-03-17,18:00:00,55579.99,2407.2134159306934,closed,10.249324872806243,0.4257754964714493,638.3247833164625,100000,56069.43,54307.29,0.008618316419303867,1.9257707327445548
169,long,2021-03-17,18:00:00,55579.99,2021-03-18,08:00:00,58398.23,1135.5536202626217,closed,56.66687376082572,4.99024200616086,694.9916570772882,0,55579.99,59481.45,0.004086195842290082,0.9084428962100974
170,short,2021-03-18,08:00:00,58398.23,2021-03-18,18:00:00,59319.72,2762.888807213257,closed,-45.81654679504557,-1.6582841363513894,649.1751102822426,100000,60224.6,57615.21,0.009462234753393237,2.210311045770606
171,long,2021-03-18,18:00:00,59319.72,2021-03-18,19:00:00,58297.11,1253.0489065972863,closed,-22.607917913053143,-1.804232683498844,626.5671923691895,0,58128.49,59346.07,0.00422472967369801,1.002439125277829
172,short,2021-03-18,19:00:00,58297.11,2021-03-19,06:00:00,58405.76,2260.3359697804613,closed,-6.028676448016121,-0.2667159452672722,620.5385159211734,100000,58460.0,56363.98,0.0077545386719185955,1.8082687758243692
173,long,2021-03-19,06:00:00,58405.76,2021-03-19,21:00:00,58415.45,1150.881384547334,closed,-0.7337053264630566,-0.06375160258167166,619.8048105947103,0,57655.23,59482.12,0.003940985904634522,0.9207051076378672
174,short,2021-03-19,21:00:00,58415.45,2021-03-20,10:00:00,58853.47,2519.288304417676,closed,-20.91458353479706,-0.8301782490762362,598.8902270599132,100000,58957.47,57931.69,0.008625417777035618,2.015430643534141
175,long,2021-03-20,10:00:00,58853.47,2021-03-20,21:00:00,58556.57,1642.618104016237,closed,-9.606245119415519,-0.5848130552030347,589.2839819404976,0,58213.37,59919.77,0.005582060340762362,1.3140944832129897
176,short,2021-03-20,21:00:00,58556.57,2021-03-21,15:00:00,57212.69,2943.0069909494705,closed,65.17789067389295,2.214669923460335,654.4618726143906,100000,58854.27,55541.02,0.010051842144953062,2.3544055927595764
177,long,2021-03-21,15:00:00,57212.69,2021-03-22,02:00:00,56669.31,1414.032906054389,closed,-14.56600813763804,-1.0301039017742475,639.8958644767525,0,56375.22,58160.0,0.004943074363587481,1.1312263248435113
178,short,2021-03-22,02:00:00,56669.31,2021-03-22,04:00:00,57614.32,2952.918824664192,closed,-51.61524465508106,-1.7479398425708768,588.2806198216715,100000,57653.46,56529.99,0.010421580303921797,2.362335059731354
179,long,2021-03-22,04:00:00,57614.32,2021-03-22,14:00:00,57011.17,1365.1128167076272,closed,-15.38785592343821,-1.127222287792343,572.8927638982333,0,56665.9,58393.43,0.004738796940439902,1.0920902533661019
180,short,2021-03-22,14:00:00,57011.17,2021-03-23,09:00:00,54346.17,2561.3833741351964,closed,117.67435127209414,4.594171745642126,690.5671151703274,100000,57294.54,53189.55,0.008985549232317796,2.0491066993081573
181,long,2021-03-23,09:00:00,54346.17,2021-03-23,23:00:00,54453.68,1159.2764316741484,closed,1.361644558517186,0.11745641689193934,691.9287597288446,0,54200.0,55843.34,0.0042662672702571255,0.9274211453393187
182,short,2021-03-23,23:00:00,54453.68,2021-03-24,07:00:00,54695.1,2804.0393955873815,closed,-14.685218885584685,-0.5237165679160678,677.2435408432599,100000,54984.44,53624.04,0.010298805867986816,2.2432315164699053
183,long,2021-03-24,07:00:00,54695.1,2021-03-24,19:00:00,55447.23,1292.400865921444,closed,16.73357553841184,1.2947666609988915,693.9771163816717,0,54695.1,57149.21,0.004725837838934179,1.0339206927371551
184,short,2021-03-24,19:00:00,55447.23,2021-03-25,09:00:00,52631.07,2742.4224654457,closed,137.0835690518263,4.998630618698181,831.0606854334981,100000,55610.41,51585.52,0.009892008908094056,2.1939379723565597
185,long,2021-03-25,09:00:00,52631.07,2021-03-25,13:00:00,51101.16,1331.9361883099255,closed,-39.78809213844357,-2.987237112982875,791.2725932950545,0,50545.32,53153.36,0.005061406459378179,1.0655489506479403
186,short,2021-03-25,13:00:00,51101.16,2021-03-25,18:00:00,51652.54,2280.0289934616762,closed,-26.434391965528857,-1.1593884131005976,764.8382013295256,100000,52041.97,50650.01,0.00892358996727932,1.824023194769341
187,long,2021-03-25,18:00:00,51652.54,2021-03-27,09:00:00,54945.19,1052.243234691235,closed,66.23057471023621,6.294226707921821,831.0687760397618,0,51297.63,55515.22,0.004074313614359468,0.8417945877529881
188,short,2021-03-27,09:00:00,54945.19,2021-03-27,17:00:00,56180.01,3987.516464079911,closed,-92.81865188318704,-2.3277308750775085,738.2501241565748,100000,56196.7,54033.78,0.014514524252550263,3.1900131712639292
189,long,2021-03-27,17:00:00,56180.01,2021-03-28,02:00:00,56077.0,1722.8240242021386,closed,-4.543311477948105,-0.26371303244695404,733.7068126786266,0,55604.26,56641.38,0.0061332279015334406,1.378259219361711
190,short,2021-03-28,02:00:00,56077.0,2021-03-29,08:00:00,55949.99,3626.124814364284,closed,5.299055347779971,0.14613549226956155,739.0058680264066,100000,56542.0,54711.15,0.012932663353475699,2.900899851491427
191,long,2021-03-29,08:00:00,55949.99,2021-03-29,20:00:00,57737.13,1970.2900884774112,closed,61.35121743732029,3.113816477893918,800.3570854637269,0,55949.99,58373.64,0.007043040002249906,1.576232070781929
192,short,2021-03-29,20:00:00,57737.13,2021-03-30,10:00:00,58948.27,3804.5746311068024,closed,-82.86462471725984,-2.178026001638806,717.492460746467,100000,58995.73,57126.25,0.013178953062290428,3.043659704885442
193,long,2021-03-30,10:00:00,58948.27,2021-03-30,17:00:00,58795.25,1877.9141874931904,closed,-6.383458680918778,-0.33992281028772653,711.1090020655482,0,58591.39,59412.01,0.006371397116465643,1.5023313499945523
194,short,2021-03-30,17:00:00,58795.25,2021-03-31,07:00:00,59774.87,3555.545010327741,closed,-62.097421785503315,-1.7464951675518048,649.0115802800449,100000,59901.35,58490.25,0.012094667546537317,2.8444360082621927
195,long,2021-03-31,07:00:00,59774.87,2021-03-31,08:00:00,58244.24,2110.516857534842,closed,-55.73859412247379,-2.640992604417215,593.272986157571,0,57748.71,59828.59,0.007061552312986517,1.6884134860278737
196,short,2021-03-31,08:00:00,58244.24,2021-03-31,16:00:00,59367.07,2855.9433635494574,closed,-57.35131707652701,-2.008139160198505,535.921669081044,100000,59408.96,57198.63,0.00980678385896857,2.284754690839566
197,long,2021-03-31,16:00:00,59367.07,2021-03-31,23:00:00,58728.31,1189.2627772082917,closed,-13.751289753045715,-1.156286904507839,522.1703793279983,0,58503.6,59732.96,0.004006472871941605,0.9514102217666334
198,short,2021-03-31,23:00:00,58728.31,2021-04-01,01:00:00,59304.39,2277.0335226649936,closed,-24.165346200511404,-1.0612644021256559,498.00503312748685,100000,59304.39,58675.39,0.007754466364399023,1.821626818131995
199,long,2021-04-01,01:00:00,59304.39,2021-04-01,05:00:00,58936.5,1151.7609895982544,closed,-8.070149427257535,-0.700679177376244,489.9348837002293,0,58744.5,59416.37,0.003884235179211031,0.9214087916786036
200,short,2021-04-01,05:00:00,58936.5,2021-04-01,16:00:00,59040.89,2449.6744185011494,closed,-6.306985255721466,-0.2574621838758654,483.6278984445078,100000,59532.29,58254.6,0.008312928044594265,1.9597395348009197
201,long,2021-04-01,16:00:00,59040.89,2021-04-01,17:00:00,58809.37,1387.7447898754679,closed,-6.556729966293318,-0.4724737584409666,477.07116847821453,0,58699.99,59163.36,0.004700961621261021,1.1101958319003744
202,short,2021-04-01,17:00:00,58809.37,2021-04-01,23:00:00,59089.45,2385.3558423910754,closed,-13.276669261357977,-0.5565907201522383,463.79449921685654,100000,59095.86,58008.0,0.008112162542775329,1.9082846739128605
203,long,2021-04-01,23:00:00,59089.45,2021-04-02,01:00:00,58710.3,1363.019042703645,closed,-9.840899015102151,-0.7219927753600588,453.9536002017544,0,58594.79,59152.56,0.0046134091371764175,1.090415234162916
204,short,2021-04-02,01:00:00,58710.3,2021-04-02,03:00:00,59833.18,2269.7680010087743,closed,-45.2346190496153,-1.9929181761973582,408.7189811521391,100000,60361.1,58710.3,0.007732094712542004,1.8158144008070194
205,long,2021-04-02,03:00:00,59833.18,2021-04-02,13:00:00,59573.93,1105.5742394161477,closed,-5.678475628285161,-0.5136222811490214,403.04050552385394,0,59326.74,60139.42,0.0036955222484118273,0.8844593915329182
206,short,2021-04-02,13:00:00,59573.93,2021-04-03,02:00:00,59360.61,2015.2025276192721,closed,5.59703103745628,0.27774037401930624,408.63753656131024,100000,59677.91,58541.9,0.006765383877206934,1.6121620220954178
207,long,2021-04-03,02:00:00,59360.61,2021-04-03,09:00:00,59113.87,1421.8408394907653,closed,-7.0523272679966365,-0.49599976819644875,401.5852092933136,0,58919.62,59923.24,0.004790519637486088,1.1374726715926122
208,short,2021-04-03,09:00:00,59113.87,2021-04-03,10:00:00,59507.08,2007.9260464665697,closed,-14.969333074704167,-0.7455121716781512,386.6158762186094,100000,59507.08,58915.76,0.006793417674960444,1.606340837173256
209,long,2021-04-03,10:00:00,59507.08,2021-04-03,13:00:00,59354.81,1315.2613280035725,closed,-4.422192847201408,-0.3362216126215638,382.193683371408,0,59256.52,59784.35,0.004420520475894877,1.0522090624028582
210,short,2021-04-03,13:00:00,59354.81,2021-04-03,14:00:00,59522.23,1910.9684168570425,closed,-6.925414467208783,-0.36240339746687006,375.2682689041992,100000,59561.31,59277.12,0.006439135823556819,1.528774733485634
211,long,2021-04-03,14:00:00,59522.23,2021-04-03,15:00:00,59241.92,1382.0212043276586,closed,-7.61865869637365,-0.5512693056023017,367.64961020782556,0,59241.92,59546.73,0.004643714472148165,1.105616963462127
212,short,2021-04-03,15:00:00,59241.92,2021-04-04,06:00:00,57536.12,1838.2480510391297,closed,51.4533425092988,2.799042407808517,419.10295271712437,100000,59320.0,56565.19,0.0062059030194805635,1.4705984408313038
213,long,2021-04-04,06:00:00,57536.12,2021-04-05,03:00:00,57669.91,1143.354330206406,closed,1.7400090137474418,0.1521845824848823,420.8429617308718,0,57151.57,58491.22,0.003974388019930458,0.9146834641651249
214,short,2021-04-05,03:00:00,57669.91,2021-04-05,11:00:00,57699.9,2104.2148086543607,closed,-2.784921078980047,-0.13234965686611608,418.05804065189176,100000,57778.74,56922.0,0.00729744439918273,1.6833718469234886
215,long,2021-04-05,11:00:00,57699.9,2021-04-06,03:00:00,58823.36,1374.212939217689,closed,25.652815113516777,1.866727810620121,443.71085576540855,0,57610.0,59581.03,0.004763311337515972,1.0993703513741513
216,short,2021-04-06,03:00:00,58823.36,2021-04-07,06:00:00,58332.31,2218.554278827044,closed,16.737825145382278,0.7544474032085261,460.4486809107908,100000,59079.62,57260.16,0.007543106272158014,1.7748434230616355
217,long,2021-04-07,06:00:00,58332.31,2021-04-07,10:00:00,57540.47,1381.296238450247,closed,-19.860369544916356,-1.4378066769514124,440.58831136587446,0,57071.71,58683.26,0.004735955899741489,1.1050369907601978
218,short,2021-04-07,10:00:00,57540.47,2021-04-07,23:00:00,56496.28,2202.941556829373,closed,38.206888505851744,1.7343577902648386,478.7951998717262,100000,57633.41,55550.57,0.007657016207303739,1.7623532454634985
219,long,2021-04-07,23:00:00,56496.28,2021-04-09,04:00:00,58023.98,1146.4459036478804,closed,30.079505673652626,2.623717837705428,508.87470554537884,0,55790.41,58455.3,0.004058482801515004,0.9171567229183044
220,short,2021-04-09,04:00:00,58023.98,2021-04-09,05:00:00,58233.67,2544.3735277268956,closed,-11.239254919825724,-0.44172975380178164,497.6354506255531,100000,58235.84,58023.98,0.00877007584700979,2.0354988221815167
221,long,2021-04-09,05:00:00,58233.67,2021-04-09,06:00:00,58002.85,1676.8276999566503,closed,-7.993640105198462,-0.4767120739599611,489.6418105203547,0,58002.85,58347.89,0.00575896281294533,1.3414621599653203
222,short,2021-04-09,06:00:00,58002.85,2021-04-09,11:00:00,58700.01,2448.2090526017746,closed,-31.39303580564997,-1.2822857497519577,458.2487747147047,100000,58700.01,57739.97,0.008441685374431686,1.9585672420814197
223,long,2021-04-09,11:00:00,58700.01,2021-04-09,16:00:00,58301.32,1571.0379853790603,closed,-11.93266063071474,-0.7595399183066618,446.31611408399,0,58079.37,58929.59,0.005352769055334268,1.2568303883032483
224,short,2021-04-09,16:00:00,58301.32,2021-04-10,04:00:00,59286.01,2231.580570419951,closed,-39.48357708460768,-1.7693099504436645,406.8325369993823,100000,59286.01,57945.75,0.0076553346319429855,1.785264456335961
225,long,2021-04-10,04:00:00,59286.01,2021-04-10,14:00:00,60559.28,1504.4071544925516,closed,31.10115486074327,2.0673362771419375,437.9336918601256,0,59286.01,61571.56,0.0050750831587167075,1.2035257235940413
226,short,2021-04-10,14:00:00,60559.28,2021-04-11,03:00:00,60595.37,2189.6684593006285,closed,-3.0638882208505844,-0.13992475471967927,434.869803639275,100000,60693.19,58485.17,0.007231487756461531,1.7517347674405028
227,long,2021-04-11,03:00:00,60595.37,2021-04-11,06:00:00,59789.47,1146.299784280407,closed,-16.166261939748054,-1.4102996582082121,418.70354169952697,0,59705.32,60767.35,0.003783456670964818,0.9170398274243257
228,short,2021-04-11,06:00:00,59789.47,2021-04-11,19:00:00,59951.53,2093.5177084976344,closed,-7.356319344563042,-0.3513855801029807,411.34722235496395,100000,60211.4,59348.61,0.0070029645972698356,1.6748141667981076
229,long,2021-04-11,19:00:00,59951.53,2021-04-11,22:00:00,59700.0,1302.6922859654164,closed,-6.512018053189505,-0.4998892004924626,404.83520430177447,0,59570.22,60309.0,0.004345818316781629,1.042153828772333
230,short,2021-04-11,22:00:00,59700.0,2021-04-11,23:00:00,60196.51,2024.1760215088716,closed,-18.46068875093701,-0.9120100502512597,386.3745155508375,100000,60196.51,59541.41,0.006781159201034746,1.6193408172070973
231,long,2021-04-11,23:00:00,60196.51,2021-04-12,11:00:00,59879.03,1221.345972534326,closed,-7.422586468783761,-0.6077382359874404,378.9519290820537,0,59691.77,61399.99,0.004057863063936185,0.9770767780274608
232,short,2021-04-12,11:00:00,59879.03,2021-04-13,01:00:00,60516.81,1894.7596454102688,closed,-21.703488755564173,-1.1454481209865939,357.2484403264895,100000,60663.0,59756.9,0.006328625047567634,1.515807716328215
233,long,2021-04-13,01:00:00,60516.81,2021-04-13,20:00:00,63085.22,1171.0705288040033,closed,48.76098856878194,4.163796062614675,406.00942889527147,0,60296.41,63794.17,0.0038702321844261236,0.9368564230432027
234,short,2021-04-13,20:00:00,63085.22,2021-04-14,05:00:00,64401.09,2030.0471444763575,closed,-43.97443524817256,-2.1661780302898133,362.03499364709893,100000,64401.09,62962.0,0.006435888293569738,1.6240377155810861
235,long,2021-04-14,05:00:00,64401.09,2021-04-14,09:00:00,64000.0,980.281356313663,closed,-6.892461847427256,-0.7031105715757241,355.1425317996717,0,63754.71,64944.99,0.003044300512036871,0.7842250850509304
236,short,2021-04-14,09:00:00,64000.0,2021-04-15,04:00:00,63139.95,1724.0636875842617,closed,21.783814077578413,1.2635156250000046,376.9263458772501,100000,64832.14,61435.04,0.005387699023700818,1.3792509500674095
237,long,2021-04-15,04:00:00,63139.95,2021-04-15,10:00:00,62729.97,786.5683906710433,closed,-5.739088066624783,-0.7296362445646472,371.18725781062534,0,62622.12,63540.63,0.0024915078034462917,0.6292547125368346
238,short,2021-04-15,10:00:00,62729.97,2021-04-15,14:00:00,63015.25,1733.0670387365965,closed,-9.273528632276884,-0.5350934744588574,361.91372917834843,100000,63113.06,62178.62,0.005525483397287123,1.3864536309892772
239,long,2021-04-15,14:00:00,63015.25,2021-04-16,04:00:00,63045.25,923.8664360503797,closed,-0.3021954170325062,-0.03270985991486188,361.6115337613159,0,62495.62,63802.39,0.002932199542334212,0.7390931488403037
240,short,2021-04-16,04:00:00,63045.25,2021-04-16,16:00:00,61620.18,1808.0576688065794,closed,39.41701511782359,2.1800751047858475,401.0285488791395,100000,63045.25,60199.99,0.005735745893010432,1.4464461350452635
241,long,2021-04-16,16:00:00,61620.18,2021-04-17,11:00:00,61469.83,915.9803388005841,closed,-2.970701135392805,-0.3243193122772419,398.0578477437467,0,61226.22,62556.39,0.0029729881957520545,0.7327842710404674
242,short,2021-04-17,11:00:00,61469.83,2021-04-17,22:00:00,60787.66,1990.2892387187342,closed,20.488804982950423,1.0294385652278495,418.5466527266971,100000,61517.92,59726.43,0.006475662088926338,1.5922313909749874
243,long,2021-04-17,22:00:00,60787.66,2021-04-18,00:00:00,60090.14,1073.8796256418157,closed,-13.185080591264175,-1.22779874731155,405.36157213543294,0,60068.9,60873.35,0.003533215871911555,0.8591037005134525
244,short,2021-04-18,00:00:00,60090.14,2021-04-18,15:00:00,55159.07,2024.3264501907017,closed,164.49249270535392,8.125788836571193,569.8540648407868,100000,60431.66,52279.86,0.006737632663830379,1.6194611601525615
245,long,2021-04-18,15:00:00,55159.07,2021-04-19,15:00:00,55416.9,621.8057867681027,closed,2.406807107336471,0.3870673381549068,572.2608719481233,0,54826.0,57498.16,0.0022545912640227718,0.4974446294144822
246,short,2021-04-19,15:00:00,55416.9,2021-04-19,22:00:00,56234.27,1907.5001196500205,closed,-29.667503370393593,-1.555308073890808,542.5933685777297,100000,56591.6,54238.61,0.006884181972106056,1.5260000957200164
247,long,2021-04-19,22:00:00,56234.27,2021-04-20,01:00:00,54641.36,897.4566202841744,closed,-26.14280172321248,-2.9129877848507615,516.4505668545172,0,54447.7,56299.99,0.003191849455089128,0.7179652962273395
248,short,2021-04-20,01:00:00,54641.36,2021-04-20,09:00:00,55250.0,1656.0645075689645,closed,-19.77750935081642,-1.194247522389632,496.67305750370076,100000,55387.74,53410.85,0.006061578656054552,1.3248516060551716
249,long,2021-04-20,09:00:00,55250.0,2021-04-21,02:00:00,56051.01,727.0913348106816,closed,9.957005879296133,1.3694298642533975,506.6300633829969,0,54816.46,57025.3,0.00263200483189387,0.5816730678485453
250,short,2021-04-21,02:00:00,56051.01,2021-04-21,15:00:00,56172.15,1722.0194997095398,closed,-5.105467178084499,-0.2964813800857458,501.5245962049124,100000,56262.3,54309.01,0.006144472685539618,1.3776155997676318
251,long,2021-04-21,15:00:00,56172.15,2021-04-21,21:00:00,54948.23,883.3057324750342,closed,-19.955902683406197,-2.259229386804668,481.56869352150625,0,54776.92,56293.01,0.0031449952778201807,0.7066445859800274
252,short,2021-04-21,21:00:00,54948.23,2021-04-22,07:00:00,54461.74,1875.9126557113862,closed,15.101034215172131,0.8049966595830389,496.6697277366784,100000,55177.68,52556.84,0.006827927508170458,1.500730124569109
253,long,2021-04-22,07:00:00,54461.74,2021-04-22,19:00:00,53392.06,877.670664760629,closed,-17.943640215203526,-2.044461656935677,478.7260875214749,0,52907.96,55377.68,0.0032230724349263506,0.7021365318085033
254,short,2021-04-22,19:00:00,53392.06,2021-04-23,12:00:00,50080.25,1512.3248774658657,closed,92.59116945454086,6.1224390892578375,571.3172569760158,100000,53521.06,47735.07,0.005664980438911201,1.2098599019726926
255,long,2021-04-23,12:00:00,50080.25,2021-04-24,10:00:00,49555.96,584.7259132470247,closed,-6.591609869608157,-1.127299084968627,564.7256471064076,0,48672.01,51275.06,0.002335155728044587,0.46778073059761976
256,short,2021-04-24,10:00:00,49555.96,2021-04-24,16:00:00,50225.36,1835.7614255660635,closed,-26.27341265064696,-1.4311997346030658,538.4522344557606,100000,50331.78,48787.37,0.007408842147608738,1.468609140452851
257,long,2021-04-24,16:00:00,50225.36,2021-04-25,02:00:00,50178.46,876.1097228611611,closed,-1.52248005650778,-0.17377732683250344,536.9297543992528,0,49713.24,51030.0,0.003488714557192467,0.7008877782889289
258,short,2021-04-25,02:00:00,50178.46,2021-04-25,03:00:00,50325.32,2067.501086073359,closed,-7.713308183550079,-0.3730739604204684,529.2164462157027,100000,50445.14,50168.87,0.008240592023244075,1.6540008688586874
259,long,2021-04-25,03:00:00,50325.32,2021-04-25,04:00:00,49680.0,1060.1615748209117,closed,-14.446761117108597,-1.3626942779499458,514.7696850985941,0,49674.04,50366.45,0.00421323331802326,0.8481292598567294
260,short,2021-04-25,04:00:00,49680.0,2021-04-25,14:00:00,49890.46,2009.5203250779655,closed,-10.128661986328925,-0.5040338164251189,504.64102311226515,100000,50285.99,49240.93,0.00808985638115123,1.6076162600623725
261,long,2021-04-25,14:00:00,49890.46,2021-04-25,20:00:00,49354.08,1037.9015943490815,closed,-11.993121488101627,-1.1555162409807354,492.6479016241635,0,49350.01,50553.97,0.004160721686467038,0.8303212754792653
262,short,2021-04-25,20:00:00,49354.08,2021-04-26,01:00:00,50911.03,2126.76917958625,closed,-68.80222297685198,-3.2350583052100195,423.84567864731156,100000,50911.03,46989.33,0.008618412822551855,1.7014153436690003
263,long,2021-04-26,01:00:00,50911.03,2021-04-26,17:00:00,53299.84,630.6586723701332,closed,29.08429912612229,4.6117337952109745,452.92997777343385,0,50500.01,53891.99,0.0024774932755048692,0.5045269378961066
264,short,2021-04-26,17:00:00,53299.84,2021-04-26,19:00:00,54230.7,1688.5211722690844,closed,-30.84648751868108,-1.8268345120735834,422.08349025475275,100000,54337.63,53299.84,0.006335933362160504,1.3508169378152677
265,long,2021-04-26,19:00:00,54230.7,2021-04-26,20:00:00,54026.17,797.2973435869625,closed,-3.647769244970968,-0.45751679399306816,418.4357210097818,0,53701.01,54242.03,0.002940391120110795,0.63783787486957
266,short,2021-04-26,20:00:00,54026.17,2021-04-27,11:00:00,54679.99,1594.3270588033993,closed,-20.575770793491536,-1.2905614741892673,397.85995021629026,100000,54914.06,52629.54,0.005902054722011201,1.2754616470427196
267,long,2021-04-27,11:00:00,54679.99,2021-04-27,16:00:00,54985.0,884.471288359505,closed,4.2228498659680564,0.4774434084571012,402.0828000822583,0,54406.43,55234.82,0.0032350821145340557,0.707577030687604
268,short,2021-04-27,16:00:00,54985.0,2021-04-28,14:00:00,54799.26,1813.2745598800932,closed,4.668048385926038,0.2574374829498917,406.75084846818436,100000,55669.0,53894.19,0.006595524451687163,1.4506196479040747
269,long,2021-04-28,14:00:00,54799.26,2021-04-28,15:00:00,54515.29,1052.8812109777434,closed,-6.302182597121456,-0.5985653966860157,400.44866587106293,0,54510.54,54906.3,0.0038426840471121083,0.8423049687821947
270,short,2021-04-28,15:00:00,54515.29,2021-04-28,18:00:00,54864.58,2002.2433293553167,closed,-14.437900298736151,-0.7210861980189428,386.01076557232676,100000,54967.81,54216.88,0.007345621125212089,1.6017946634842535
271,long,2021-04-28,18:00:00,54864.58,2021-04-28,23:00:00,54480.0,1030.6315587665958,closed,-8.05260051689801,-0.7813267940809933,377.95816505542876,0,54055.89,56455.04,0.0037570015436793496,0.8245052470132768
272,short,2021-04-28,23:00:00,54480.0,2021-04-29,11:00:00,54434.88,1551.8598872579462,closed,0.03805588857159825,0.0024522760646156646,377.99622094400036,100000,55174.69,53568.28,0.00569698930711434,1.241487909806357
273,long,2021-04-29,11:00:00,54434.88,2021-04-29,14:00:00,53631.84,858.0541087153581,closed,-13.347872544913612,-1.5555979989300996,364.64834839908673,0,53619.22,54493.2,0.00315258932770811,0.6864432869722865
274,short,2021-04-29,14:00:00,53631.84,2021-04-30,00:00:00,53558.8,1646.0433013023876,closed,0.9187365060016257,0.0558148443163494,365.56708490508834,100000,53935.67,52429.27,0.006138306279636827,1.31683464104191
275,long,2021-04-30,00:00:00,53558.8,2021-05-01,07:00:00,57931.1,866.500707149148,closed,70.04079163960988,8.08317766641522,435.60787654469823,0,53107.81,58457.99,0.0032356987354053785,0.6932005657193184
276,short,2021-05-01,07:00:00,57931.1,2021-05-02,19:00:00,56907.01,2178.039382723494,closed,36.75282826925703,1.687427167790697,472.36070481395524,100000,58068.55,56180.0,0.007519413174351924,1.7424315061787952
277,long,2021-05-02,19:00:00,56907.01,2021-05-02,23:00:00,56427.82,1410.4667819855783,closed,-13.010278143760612,-0.9224093973659876,459.3504266701946,0,56265.53,57188.54,0.004957093271938127,1.1283734255884628
278,short,2021-05-02,23:00:00,56427.82,2021-05-03,01:00:00,57456.12,2296.752133350975,closed,-43.699900898595054,-1.9026824995188591,415.6505257715996,100000,57645.99,56372.31,0.00814049571062988,1.83740170668078
279,long,2021-05-03,01:00:00,57456.12,2021-05-03,14:00:00,57774.53,1183.1788855911639,closed,5.606272382443612,0.4738313412043769,421.25679815404317,0,57429.19,58981.12,0.004118547808627397,0.9465431084729311
280,short,2021-05-03,14:00:00,57774.53,2021-05-04,10:00:00,56119.82,2106.2839907702173,closed,58.63338518683945,2.7837359750049013,479.89018334088263,100000,58219.01,54598.32,0.007291392905386569,1.685027192616174
281,long,2021-05-04,10:00:00,56119.82,2021-05-04,15:00:00,54899.33,1009.5278130270118,closed,-22.766361713305503,-2.2551495282771716,457.1238216275771,0,54634.17,56612.92,0.0035977585566989052,0.8076222504216095
282,short,2021-05-04,15:00:00,54899.33,2021-05-05,01:00:00,54599.99,1746.5688620165058,closed,8.119593465435175,0.46488825273460316,465.2434150930123,100000,55026.41,53048.95,0.0063628057465054885,1.3972550896132048
283,long,2021-05-05,01:00:00,54599.99,2021-05-06,01:00:00,57024.72,716.662983577936,closed,31.250318364249427,4.360531948815381,496.4937334572617,0,54081.49,57853.22,0.0026251396147799148,0.5733303868623488
284,short,2021-05-06,01:00:00,57024.72,2021-05-06,11:00:00,58062.54,1972.3888846954833,closed,-37.48127214296366,-1.9002982846737337,459.0124613142981,100000,58416.13,56517.14,0.006917662672242786,1.5779111077563868
285,long,2021-05-06,11:00:00,58062.54,2021-05-06,15:00:00,57243.62,967.1573400047664,closed,-14.417943302806918,-1.4907546793509177,444.5945180114912,0,56977.99,58166.08,0.003331433106456474,0.7737258720038132
286,short,2021-05-06,15:00:00,57243.62,2021-05-07,10:00:00,56293.78,1910.6674379198514,closed,30.168382243053266,1.5789446998635024,474.76290025454443,100000,57555.0,55351.65,0.006675564675748498,1.5285339503358812
287,long,2021-05-07,10:00:00,56293.78,2021-05-07,23:00:00,57096.62,1017.8279607972015,closed,13.697988086994634,1.3458058350318702,488.4608883415391,0,56282.56,58711.72,0.0036161293869312085,0.8142623686377612
288,short,2021-05-07,23:00:00,57096.62,2021-05-08,03:00:00,58309.8,2013.6747152495086,closed,-44.404236923404866,-2.2051345526232553,444.0566514181342,100000,58357.36,56989.49,0.007053568898647621,1.610939772199607
289,long,2021-05-08,03:00:00,58309.8,2021-05-08,07:00:00,57863.03,962.1961164898779,closed,-8.145408982334459,-0.8465435312760531,435.91124243579975,0,57627.99,58671.69,0.0033002895447759306,0.7697568931919023
290,short,2021-05-08,07:00:00,57863.03,2021-05-08,08:00:00,58500.0,2026.8689269699476,closed,-23.940756234495634,-1.1811694340928935,411.97048620130414,100000,58559.77,57671.95,0.00700574763184696,1.6214951415759582
291,long,2021-05-08,08:00:00,58500.0,2021-05-08,16:00:00,57660.76,935.3659878091865,closed,-14.170235094632678,-1.5149401709401675,397.80025110667145,0,57660.76,59481.98,0.003197832436954484,0.7482927902473493
292,short,2021-05-08,16:00:00,57660.76,2021-05-08,20:00:00,59097.42,1607.9023369786432,closed,-41.353961489857205,-2.5719199816304816,356.4462896168142,100000,59367.86,57660.76,0.0055771111479579645,1.2863218695829146
293,long,2021-05-08,20:00:00,59097.42,2021-05-08,21:00:00,58991.34,759.390602910136,closed,-1.973190261109155,-0.25983864608641416,354.4730993557051,0,58865.09,59559.92,0.0025699619472732854,0.6075124823281088
294,short,2021-05-08,21:00:00,58991.34,2021-05-09,21:00:00,57885.9,1494.6028360943099,closed,26.806645506097414,1.7935631365552893,381.2797448618025,100000,59297.55,56523.14,0.005067194052870506,1.195682268875448
295,long,2021-05-09,21:00:00,57885.9,2021-05-10,10:00:00,57990.0,865.8431297914045,closed,0.8614362759133374,0.09949103322225022,382.1411811377158,0,57826.91,59629.26,0.002991551067846935,0.6926745038331237
296,short,2021-05-10,10:00:00,57990.0,2021-05-11,07:00:00,55718.16,1843.9490179534928,closed,70.75778348513481,3.8372960855319826,452.8989646228506,100000,58623.47,54016.77,0.006359541362143448,1.4751592143627943
297,long,2021-05-11,07:00:00,55718.16,2021-05-12,09:00:00,56998.36,692.3170243490804,closed,15.350580252113424,2.2172761483868046,468.24954487496404,0,54926.63,57970.18,0.0024850677924363636,0.5538536194792644
298,short,2021-05-12,09:00:00,56998.36,2021-05-13,08:00:00,50893.36,2223.6880815704276,closed,236.38879682380855,10.630483599879014,704.6383416987726,100000,57237.32,46538.66,0.007802638818276271,1.7789504652563422
299,long,2021-05-13,08:00:00,50893.36,2021-05-13,10:00:00,49294.71,768.2003920160265,closed,-24.748105372827325,-3.2215689590940775,679.8902363259452,0,48998.66,50912.35,0.003018862940140036,0.6145603136128213
300,short,2021-05-13,10:00:00,49294.71,2021-05-13,12:00:00,49813.31,1413.203431647789,closed,-16.00375989647037,-1.132445586960545,663.8864764294749,100000,50262.47,48587.41,0.005733692039765683,1.1305627453182314
301,long,2021-05-13,12:00:00,49813.31,2021-05-13,19:00:00,47906.68,679.618868960708,closed,-26.559184688218,-3.9079528102027306,637.3272917412569,0,47054.29,50854.01,0.0027286637605921315,0.5436950951685664
302,short,2021-05-13,19:00:00,47906.68,2021-05-13,20:00:00,48635.63,1237.0556059021233,closed,-19.817897560149373,-1.6020215635898731,617.5093941811075,100000,49391.04,47906.68,0.005164438887863335,0.9896444847216986
303,long,2021-05-13,20:00:00,48635.63,2021-05-14,21:00:00,49191.01,598.924872152219,closed,6.357640267796215,1.0615088074319272,623.8670344489037,0,48520.3,51499.99,0.00246290578389637,0.47913989772177523
304,short,2021-05-14,21:00:00,49191.01,2021-05-15,15:00:00,49405.83,1990.789894999454,closed,-10.294621227111126,-0.5171123910649521,613.5724132217925,100000,50650.96,47863.2,0.008094120836305065,1.5926319159995632
305,long,2021-05-15,15:00:00,49405.83,2021-05-15,17:00:00,47923.37,998.8147938124378,closed,-30.77330269155713,-3.08098186792935,582.7991105302355,0,47674.28,49535.39,0.0040433074145801735,0.7990518350499503
306,short,2021-05-15,17:00:00,47923.37,2021-05-15,22:00:00,48479.57,1729.432287097633,closed,-21.46260380371286,-1.2410201870193958,561.3365067265225,100000,48797.01,47075.19,0.007217490285418713,1.3835458296781065
307,long,2021-05-15,22:00:00,48479.57,2021-05-15,23:00:00,48019.03,848.0813255044126,closed,-8.738457958709018,-1.0303797166517792,552.5980487678136,0,47873.58,48715.74,0.0034987163685833546,0.67846506040353
308,short,2021-05-15,23:00:00,48019.03,2021-05-16,03:00:00,48168.43,1631.6636186541577,closed,-6.388667175365983,-0.3915431527875541,546.2093815924476,100000,48329.8,46500.01,0.006795904118238782,1.3053308949233262
309,long,2021-05-16,03:00:00,48168.43,2021-05-16,16:00:00,47812.34,766.2632130193283,closed,-6.28087062245908,-0.8196753433732504,539.9285109699885,0,47809.78,49772.7,0.003181599288244721,0.6130105704154627
310,short,2021-05-16,16:00:00,47812.34,2021-05-17,08:00:00,45182.45,1654.0405093442694,closed,89.6493865234853,5.420023634066016,629.5778974934738,100000,48137.27,42244.5,0.006918885414703692,1.3232324074754156
311,long,2021-05-17,08:00:00,45182.45,2021-05-17,17:00:00,42629.97,568.2724419433566,closed,-32.56039568583714,-5.729715763532071,597.0175018076366,0,42629.97,45865.48,0.0025154565188180663,0.4546179535546853
312,short,2021-05-17,17:00:00,42629.97,2021-05-17,20:00:00,44246.97,1067.2595055213321,closed,-41.34110028440484,-3.8735752711062195,555.6764015232317,100000,44385.37,42235.84,0.005007085416768213,0.8538076044170657
313,long,2021-05-17,20:00:00,44246.97,2021-05-18,13:00:00,43985.88,521.2678911536657,closed,-3.495238364864642,-0.670526311745197,552.181163158367,0,42594.32,45791.73,0.0023561744054052323,0.41701431292293256
314,short,2021-05-18,13:00:00,43985.88,2021-05-19,17:00:00,39638.23,1262.3831684573952,closed,123.76076318265466,9.803739963824741,675.9419263410216,100000,44071.12,29887.95,0.005739947312443881,1.0099065347659162
315,long,2021-05-19,17:00:00,39638.23,2021-05-20,01:00:00,35803.92,275.50735008183506,closed,-26.87234490363687,-9.753766966890309,649.0695814373847,0,35046.63,40409.9,0.0013901092459569211,0.22040588006546805
316,short,2021-05-20,01:00:00,35803.92,2021-05-20,03:00:00,38054.78,501.64161566441953,closed,-31.940468093389896,-6.36718866537519,617.1291133439948,100000,38191.49,35680.95,0.0028021602978915133,0.40131329253153564
317,long,2021-05-20,03:00:00,38054.78,2021-05-20,18:00:00,39758.07,262.910474192435,closed,11.555872857189645,4.395364198663088,628.6849862011845,0,37871.33,42393.26,0.0013817474398350746,0.21032837935394802
318,short,2021-05-20,18:00:00,39758.07,2021-05-20,23:00:00,41440.0,741.6409803435013,closed,-31.971509519307816,-4.310914629407313,596.7134766818767,100000,41440.0,39281.99,0.003730769528518368,0.593312784274801
319,long,2021-05-20,23:00:00,41440.0,2021-05-21,05:00:00,39924.45,394.72363306507117,closed,-14.7535768509111,-3.7376978764478834,581.9598998309656,0,39670.0,42155.07,0.001905036839117139,0.315778906452057
320,short,2021-05-21,05:00:00,39924.45,2021-05-21,12:00:00,41090.34,844.7248599122684,closed,-25.348009859666348,-3.000741550603702,556.6118899712992,100000,41093.82,39222.64,0.00423161676572761,0.6757798879298147
321,long,2021-05-21,12:00:00,41090.34,2021-05-21,13:00:00,40500.0,461.7100972400965,closed,-7.004949112754674,-1.5171747714912958,549.6069408585445,0,40500.0,41443.47,0.0022472926592483613,0.3693680777920772
322,short,2021-05-21,13:00:00,40500.0,2021-05-21,14:00:00,41094.55,904.1937560659837,closed,-14.001607755969982,-1.5485185185185255,535.6053331025745,100000,41215.22,40334.46,0.00446515435094313,0.723355004852787
323,long,2021-05-21,14:00:00,41094.55,2021-05-21,15:00:00,37802.26,451.89466581372204,closed,-36.56725757055946,-8.091986990975691,499.038075532015,0,36669.35,41656.54,0.0021992924405485497,0.36151573265097764
324,short,2021-05-21,15:00:00,37802.26,2021-05-22,01:00:00,37603.19,626.9853920523639,closed,2.796854290515993,0.4460796576712602,501.83492982253097,100000,38189.09,33443.17,0.0033171846976998935,0.5015883136418912
325,long,2021-05-22,01:00:00,37603.19,2021-05-23,00:00:00,37432.58,319.26812128870546,closed,-1.705668791874672,-0.5342433766922449,500.12926103065627,0,35407.61,38754.21,0.001698090620975005,0.25541449703096436
326,short,2021-05-23,00:00:00,37432.58,2021-05-23,01:00:00,38168.24,890.2388865436805,closed,-18.21275310768734,-2.0458276293004545,481.91650792296895,100000,38201.46,36727.28,0.004756492267130294,0.7121911092349444
327,long,2021-05-23,01:00:00,38168.24,2021-05-23,03:00:00,37443.09,421.1332797538522,closed,-8.340131935461605,-1.9804020096289516,473.57637598750733,0,37415.57,38194.74,0.0022067209792951013,0.3369066238030818
328,short,2021-05-23,03:00:00,37443.09,2021-05-23,22:00:00,33981.6,875.9462070159223,closed,80.27289790320657,9.164135566802841,553.8492738907139,100000,37628.61,31196.81,0.004678813671713112,0.7007569656127378
329,long,2021-05-23,22:00:00,33981.6,2021-05-25,03:00:00,38081.89,358.11083229756656,closed,42.92179588800668,11.98561786378511,596.7710697787206,0,33629.46,39735.41,0.002107674931713437,0.28648866583805327
330,short,2021-05-25,03:00:00,38081.89,2021-05-25,23:00:00,38397.28,1082.2539723711452,closed,-9.834594672767814,-0.9087141210690945,586.9364751059528,100000,39105.97,36543.35,0.00568382489614431,0.8658031778969162
331,long,2021-05-25,23:00:00,38397.28,2021-05-26,14:00:00,38883.27,654.1725222759518,closed,7.753041704816709,1.1851677410483188,594.6895168107695,0,37825.53,40784.35,0.0034073899103058956,0.5233380178207615
332,short,2021-05-26,14:00:00,38883.27,2021-05-27,09:00:00,38822.79,1447.3344120220047,closed,1.0859077073076995,0.07502811363343648,595.7754245180772,100000,39374.48,37178.97,0.007444509744278221,1.1578675296176038
333,long,2021-05-27,09:00:00,38822.79,2021-05-27,19:00:00,39096.61,773.2827429557609,closed,4.831410346738054,0.624792210966805,600.6068348648153,0,38786.84,40337.75,0.003983653637236071,0.6186261943646088
334,short,2021-05-27,19:00:00,39096.61,2021-05-28,15:00:00,36586.0,1654.1993798799326,closed,104.89348807557629,6.341042642827602,705.5003229403916,100000,39159.84,35181.92,0.008462111573765257,1.323359503903946
335,long,2021-05-28,15:00:00,36586.0,2021-05-28,21:00:00,35232.23,779.3173140795636,closed,-29.464329151769423,-3.7807871863554277,676.0359937886221,0,35220.63,36984.01,0.00426019414026985,0.6234538512636509
336,short,2021-05-28,21:00:00,35232.23,2021-05-29,01:00:00,36218.56,1399.6314993826156,closed,-40.31048202759571,-2.880078223830834,635.7255117610264,100000,36339.87,34729.07,0.007945176898439954,1.1197051995060925
337,long,2021-05-29,01:00:00,36218.56,2021-05-29,11:00:00,35250.0,677.2514426468192,closed,-18.656660153992963,-2.7547612273928,617.0688516070334,0,34935.02,37229.52,0.003739803253618141,0.5418011541174554
338,short,2021-05-29,11:00:00,35250.0,2021-05-29,23:00:00,34474.99,1329.446921033603,closed,28.15825150958585,2.1180425531914953,645.2271031166192,100000,35780.9,33688.38,0.007542961254091366,1.0635575368268826
339,long,2021-05-29,23:00:00,34474.99,2021-05-30,23:00:00,35761.56,699.5287695965064,closed,25.54198929358983,3.651313627647172,670.769092410209,0,33477.0,36360.37,0.004058181131286805,0.5596230156772052
340,short,2021-05-30,23:00:00,35761.56,2021-05-31,09:00:00,36118.51,2061.9681200985974,closed,-22.242409766498376,-1.078698043373959,648.5266826437107,100000,36195.03,34211.34,0.011531757116292453,1.649574496078878
341,long,2021-05-31,09:00:00,36118.51,2021-05-31,22:00:00,36913.29,969.1921965175698,closed,20.546144153661267,2.1199246369797615,669.072826797372,0,35903.04,37425.85,0.00536673410125484,0.7753537572140559
342,short,2021-05-31,22:00:00,36913.29,2021-06-01,00:00:00,37243.38,2240.1010993900873,closed,-21.83589144523363,-0.9747725873255851,647.2369353521384,100000,37461.4,36831.5,0.012137098044580082,1.79208087951207
343,long,2021-06-01,00:00:00,37243.38,2021-06-01,03:00:00,36848.5,1088.3719639256824,closed,-12.416212384988157,-1.1408059741086805,634.8207229671502,0,36688.78,37868.11,0.005844646559607009,0.8706975711405459
344,short,2021-06-01,03:00:00,36848.5,2021-06-01,23:00:00,36426.41,2003.8302730705118,closed,21.33941522862315,1.0649312726433815,656.1601381957734,100000,37411.52,35718.8,0.010876047996909029,1.6030642184564095
345,long,2021-06-01,23:00:00,36426.41,2021-06-02,22:00:00,37765.95,991.0588892597237,closed,35.646780420954364,3.5968377668839535,691.8069186167277,0,35986.09,38200.49,0.005441430485517094,0.7928471114077791
346,short,2021-06-02,22:00:00,37765.95,2021-06-03,06:00:00,38777.81,2994.8978700414496,closed,-82.65383153147809,-2.7598213734859067,609.1530870852496,100000,38838.33,37241.02,0.0158603073405618,2.3959182960331598
347,long,2021-06-03,06:00:00,38777.81,2021-06-03,14:00:00,38460.92,1284.2030240561533,closed,-11.528417968745137,-0.897709922246768,597.6246691165045,0,38360.01,39430.53,0.006623391181998949,1.0273624192449227
348,short,2021-06-03,14:00:00,38460.92,2021-06-04,16:00:00,36944.23,2298.847287214012,closed,88.80303168261605,3.862937402433418,686.4277007991205,100000,39247.4,35564.39,0.011954198117018585,1.8390778297712096
349,long,2021-06-04,16:00:00,36944.23,2021-06-05,10:00:00,36312.98,1063.8490412059246,closed,-19.034364608501896,-1.7891978909832469,667.3933361906187,0,35977.48,37887.54,0.005759216208896082,0.8510792329647396
350,short,2021-06-05,10:00:00,36312.98,2021-06-06,02:00:00,36221.49,2024.4080792109723,closed,3.469789080306796,0.17139770957934386,670.8631252709255,100000,36627.81,34850.93,0.011149776631997552,1.619526463368778
351,long,2021-06-06,02:00:00,36221.49,2021-06-06,23:00:00,35550.01,1019.8105389765765,closed,-19.726896618867155,-1.934368773896369,651.1362286520583,0,35259.04,36423.07,0.005630969565175682,0.8158484311812613
352,short,2021-06-06,23:00:00,35550.01,2021-06-07,01:00:00,36290.43,2711.728453186174,closed,-58.663328249448654,-2.1633186826107735,592.4729004026096,100000,36390.0,35499.99,0.015255851985336567,2.1693827625489392
353,long,2021-06-07,01:00:00,36290.43,2021-06-07,09:00:00,36109.99,1168.438261175658,closed,-6.750793226753917,-0.5777620821797989,585.7221071758557,0,35931.43,36777.28,0.006439374023265407,0.9347506089405264
354,short,2021-06-07,09:00:00,36109.99,2021-06-07,11:00:00,36493.14,2451.6595980276675,closed,-27.988576838665875,-1.141617574527164,557.7335303371899,100000,36579.07,36040.76,0.013578843959954949,1.961327678422134
355,long,2021-06-07,11:00:00,36493.14,2021-06-07,15:00:00,36061.81,1214.4791765609816,closed,-15.332753661516168,-1.2624962170972454,542.4007766756737,0,35932.04,36711.58,0.006655931369901201,0.9715833412487853
356,short,2021-06-07,15:00:00,36061.81,2021-06-08,11:00:00,32790.7,2293.236043429014,closed,206.16852323346407,8.990287930639091,748.5692999091377,100000,36125.81,32226.03,0.01271836351768818,1.8345888347432113
357,long,2021-06-08,11:00:00,32790.7,2021-06-08,16:00:00,31686.94,1015.6920272926315,closed,-35.007717813204586,-3.446686286050614,713.5615820959331,0,31084.04,33112.66,0.006195000578167784,0.8125536218341052
358,short,2021-06-08,16:00:00,31686.94,2021-06-08,17:00:00,32155.82,1769.8699483302096,closed,-27.616298880585205,-1.5603575226891617,685.9452832153479,100000,32299.94,31618.52,0.01117097421417284,1.4158959586641677
359,long,2021-06-08,17:00:00,32155.82,2021-06-10,04:00:00,36948.46,846.3041833950218,closed,125.45446319454581,14.823802795263811,811.3997464098937,0,31872.25,37561.36,0.005263769876775164,0.6770433467160175
360,short,2021-06-10,04:00:00,36948.46,2021-06-10,14:00:00,37832.0,2189.014680702795,closed,-54.1084638174305,-2.4718182246296623,757.2912825924633,100000,38326.21,36246.66,0.011849017148226448,1.7512117445622362
361,long,2021-06-10,14:00:00,37832.0,2021-06-10,15:00:00,37002.21,1054.1650744594288,closed,-23.970485531511457,-2.2738834848805265,733.3207970609518,0,36900.0,38117.81,0.005572875208603451,0.8433320595675431
362,short,2021-06-10,15:00:00,37002.21,2021-06-11,06:00:00,36995.33,1841.9864204386695,closed,-1.141055774464565,-0.06194702424531568,732.1797412864872,100000,37337.9,35812.42,0.009956088679236563,1.4735891363509357
363,long,2021-06-11,06:00:00,36995.33,2021-06-11,07:00:00,36491.89,1065.239507013948,closed,-15.353946970747982,-1.4413610150254164,716.8257943157392,0,36478.13,36995.33,0.005758778240464123,0.8521916056111585
364,short,2021-06-11,07:00:00,36491.89,2021-06-11,08:00:00,37123.76,2062.2723725050237,closed,-37.37009707480894,-1.8120834848510248,679.4556972409302,100000,37149.39,36394.59,0.01130263394143205,1.649817898004019
365,long,2021-06-11,08:00:00,37123.76,2021-06-11,16:00:00,36805.77,975.0005084627285,closed,-9.136788937559109,-0.9371060689973355,670.3189083033711,0,36780.88,37615.1,0.005252703435550324,0.7800004067701828
366,short,2021-06-11,16:00:00,36805.77,2021-06-12,00:00:00,37300.42,2190.2737678842677,closed,-31.200236921215303,-1.4244902796490917,639.1186713821559,100000,37426.71,36550.53,0.011901795658040943,1.7522190143074143
367,long,2021-06-12,00:00:00,37300.42,2021-06-12,01:00:00,37039.9,1141.1009146308875,closed,-8.888872167258555,-0.778973362766416,630.2297992148973,0,36961.99,37369.57,0.006118434669802043,0.9128807317047101
368,short,2021-06-12,01:00:00,37039.9,2021-06-12,13:00:00,36010.0,2248.1633100038607,closed,60.69984975558814,2.6999751079241614,690.9296489704855,100000,37094.12,34704.39,0.01213914351822689,1.7985306480030887
369,long,2021-06-12,13:00:00,36010.0,2021-06-13,04:00:00,34864.96,1095.6532080661098,closed,-35.72200659882258,-3.260338794779231,655.2076423716629,0,34864.96,36084.08,0.006085271913724575,0.8765225664528878
370,short,2021-06-13,04:00:00,34864.96,2021-06-13,09:00:00,35604.21,2448.437588704573,closed,-53.88759711302527,-2.200897313520509,601.3200452586376,100000,35668.59,34839.08,0.01404526257138728,1.9587500709636585
371,long,2021-06-13,09:00:00,35604.21,2021-06-14,09:00:00,39004.43,1152.6563704390676,closed,109.15066440298715,9.469488670019642,710.4707096616247,0,35504.76,39784.53,0.006474831883302944,0.9221250963512541
372,short,2021-06-14,09:00:00,39004.43,2021-06-14,15:00:00,40528.6,2515.5336799146885,closed,-100.32444113441088,-3.988197094535155,610.1462685272138,100000,40889.8,39004.43,0.012898707556627226,2.012426943931751
373,long,2021-06-14,15:00:00,40528.6,2021-06-14,18:00:00,40199.99,1061.4261359076402,closed,-9.46052960085443,-0.8913036226269858,600.6857389263594,0,39849.97,40700.01,0.005237911676730211,0.8491409087261121
374,short,2021-06-14,18:00:00,40199.99,2021-06-15,19:00:00,40588.09,2106.580763616284,closed,-22.033162968882674,-1.0459206382887127,578.6525759574766,100000,41320.0,39377.01,0.010480503918614329,1.6852646108930274
375,long,2021-06-15,19:00:00,40588.09,2021-06-15,20:00:00,39950.0,1122.1432063299153,closed,-18.544585535546105,-1.652604180191767,560.1079904219305,0,39787.9,40649.79,0.005529421100278015,0.8977145650639323
376,short,2021-06-15,20:00:00,39950.0,2021-06-16,07:00:00,40370.49,2027.754691310439,closed,-22.975298148226933,-1.1330413016270284,537.1326922737036,100000,40451.04,39642.04,0.010151462785033488,1.6222037530483513
377,long,2021-06-16,07:00:00,40370.49,2021-06-16,09:00:00,40036.04,1215.410213597667,closed,-11.047435705625812,-0.9089470848632186,526.0852565680777,0,39951.42,40410.48,0.0060212804630197314,0.9723281708781337
378,short,2021-06-16,09:00:00,40036.04,2021-06-17,02:00:00,38651.17,2412.2513534772693,closed,81.49933130941723,3.37855883848653,607.584587877495,100000,40174.85,38166.73,0.01205039935756518,1.9298010827818155
379,long,2021-06-17,02:00:00,38651.17,2021-06-17,17:00:00,38509.83,1137.6011925708121,closed,-5.07595931676776,-0.44619848765249925,602.5086285607272,0,38350.83,39515.37,0.005886503267925976,0.9100809540566498
380,short,2021-06-17,17:00:00,38509.83,2021-06-18,04:00:00,37905.6,2536.6389884591845,closed,37.75808979747408,1.4885086119570072,640.2667183582013,100000,38518.03,37206.33,0.013173981751979608,2.0293111907673476
381,long,2021-06-18,04:00:00,37905.6,2021-06-18,14:00:00,37190.01,1330.8918193037925,closed,-26.196595165255225,-1.9683489510784593,614.0701231929461,0,37060.0,38066.46,0.007022138255581194,1.0647134554430342
382,short,2021-06-18,14:00:00,37190.01,2021-06-19,02:00:00,36088.97,2359.5821033246243,closed,67.95696094217534,2.8800422263935954,682.0270841351214,100000,37252.67,35194.32,0.012689332986598412,1.8876656826596996
383,long,2021-06-19,02:00:00,36088.97,2021-06-19,05:00:00,35155.9,1204.0043483757975,closed,-32.0990640535156,-2.666025591752825,649.9280200816058,0,34837.82,36204.61,0.006672422894728209,0.963203478700638
384,short,2021-06-19,05:00:00,35155.9,2021-06-19,06:00:00,35495.0,2039.5795883427393,closed,-21.316250164681986,-1.0451296084014308,628.6117699169239,100000,35529.22,35155.9,0.011603057173007884,1.6316636706741916
385,long,2021-06-19,06:00:00,35495.0,2021-06-20,01:00:00,35376.0,1018.0133330139134,closed,-4.233122859544205,-0.4158219467530638,624.3786470573797,0,35186.85,36391.5,0.005736094283780326,0.8144106664111308
386,short,2021-06-20,01:00:00,35376.0,2021-06-20,05:00:00,35788.19,2352.01862339796,closed,-29.29989169946153,-1.2457338308457777,595.0787553579181,100000,35831.49,35310.69,0.013297255898902986,1.8816148987183678
387,long,2021-06-20,05:00:00,35788.19,2021-06-20,09:00:00,35320.6,1180.0643325708945,closed,-16.36875705003129,-1.387107176976549,578.7099983078868,0,35284.18,35860.0,0.006594713689465125,0.9440514660567156
388,short,2021-06-20,09:00:00,35320.6,2021-06-20,18:00:00,34548.07,2458.582065340174,closed,51.7931691864388,2.106627633732153,630.5031674943257,100000,35365.93,33371.46,0.0139215192569785,1.966865652272139
389,long,2021-06-20,18:00:00,34548.07,2021-06-21,05:00:00,34246.52,1121.7551086907658,closed,-10.695045577416243,-0.9534207149632465,619.8081219169094,0,33685.67,36008.69,0.006493880026819246,0.8974040869526128
390,short,2021-06-21,05:00:00,34246.52,2021-06-21,19:00:00,32757.72,1952.885217113333,closed,83.32412508127653,4.266719024297931,703.1322469981859,100000,34565.4,31728.26,0.011404868098208714,1.5623081736906665
391,long,2021-06-21,19:00:00,32757.72,2021-06-21,22:00:00,31507.44,736.9052418533578,closed,-28.719847880014854,-3.897359694142334,674.412399118171,0,31491.44,32757.72,0.004499124126180685,0.5895241934826863
392,short,2021-06-21,22:00:00,31507.44,2021-06-22,02:00:00,32603.78,1355.0070246565474,closed,-48.24173734330833,-3.5602573614359025,626.1706617748628,100000,32931.77,31193.06,0.008601187685553301,1.084005619725238
393,long,2021-06-22,02:00:00,32603.78,2021-06-22,10:00:00,31577.55,615.0601884962225,closed,-19.855331465743205,-3.2281932463045693,606.3153303091195,0,31343.67,33150.13,0.0037729379139242293,0.49204815079697806
394,short,2021-06-22,10:00:00,31577.55,2021-06-22,17:00:00,32480.01,1340.7055897532987,closed,-39.39730175023974,-2.93854982416305,566.9180285588798,100000,32619.99,28860.47,0.00849151115113933,1.072564471802639
395,long,2021-06-22,17:00:00,32480.01,2021-06-23,13:00:00,34165.0,459.9384930992931,closed,23.489793516213783,5.107159733017329,590.4078220750936,0,31726.71,34459.99,0.002832132706235578,0.3679507944794345
396,short,2021-06-23,13:00:00,34165.0,2021-06-24,09:00:00,33354.42,1404.6503755110723,closed,32.194019237324646,2.2919596077857505,622.6018413124182,100000,34749.02,32354.76,0.008222744771029255,1.1237203004088578
397,long,2021-06-24,09:00:00,33354.42,2021-06-25,02:00:00,34816.64,853.1878239415973,closed,36.71512184424696,4.303287132559945,659.3169631566651,0,33175.91,35208.48,0.005115890631236264,0.6825502591532779
398,short,2021-06-25,02:00:00,34816.64,2021-06-25,03:00:00,35137.83,2286.3045118914947,closed,-22.93376270580775,-1.0030930957151591,636.3832004508573,100000,35483.72,34816.64,0.013133401223618908,1.829043609513196
399,long,2021-06-25,03:00:00,35137.83,2021-06-25,05:00:00,34764.18,1082.732825309968,closed,-12.38595474743495,-1.1439530101887383,623.9972457034223,0,34659.92,35177.75,0.006162775705329373,0.8661862602479744
400,short,2021-06-25,05:00:00,34764.18,2021-06-26,02:00:00,31949.49,2140.5186100466585,closed,171.58286268762294,8.01594818574751,795.5801083910453,100000,34825.13,31270.13,0.012314506541196476,1.7124148880373269
401,long,2021-06-26,02:00:00,31949.49,2021-06-26,08:00:00,30700.0,966.8876555816507,closed,-38.59288797067928,-3.9914552376266457,756.987220420366,0,30664.18,32623.42,0.006052601500566367,0.7735101244653206
402,short,2021-06-26,08:00:00,30700.0,2021-06-26,12:00:00,31758.44,1744.6135058155924,closed,-61.555874576529234,-3.5283387622149798,695.4313458438368,100000,31844.96,30147.37,0.011365560298472915,1.3956908046524739
403,long,2021-06-26,12:00:00,31758.44,2021-06-27,11:00:00,32674.53,798.6025215172912,closed,22.392226042013004,2.80392628857085,717.8235718858498,0,30583.03,33415.49,0.00502923016065834,0.638882017213833
404,short,2021-06-27,11:00:00,32674.53,2021-06-27,12:00:00,33214.0,2010.5964289576734,closed,-34.81656230355223,-1.7316534438291884,683.0070095822975,100000,33341.08,32555.19,0.012306811629472092,1.6084771431661389
405,long,2021-06-27,12:00:00,33214.0,2021-06-27,16:00:00,33171.2,938.094811317077,closed,-1.964966030502359,-0.2094634792557443,681.0420435517951,0,32754.32,33477.87,0.005648791541621467,0.7504758490536616
406,short,2021-06-27,16:00:00,33171.2,2021-06-27,23:00:00,34392.99,1952.9683992600656,closed,-73.50755168653042,-3.7638884333397673,607.5344918652647,100000,34472.52,32464.03,0.011775084406111722,1.5623747194080526
407,long,2021-06-27,23:00:00,34392.99,2021-06-28,10:00:00,34381.96,853.1999458657875,closed,-0.9611468254723378,-0.11265200263192829,606.5733450397923,0,34193.2,35168.24,0.004961475846477946,0.68255995669263
408,short,2021-06-28,10:00:00,34381.96,2021-06-29,07:00:00,35330.0,1969.563015985829,closed,-55.89537023906978,-2.8379579523680465,550.6779748007226,100000,35390.0,33935.7,0.011456956008242864,1.5756504127886632
409,long,2021-06-29,07:00:00,35330.0,2021-06-29,22:00:00,36226.33,924.8812732375264,closed,22.71930402149903,2.456456269459388,573.3972788222217,0,34736.18,36497.82,0.005235670949547277,0.7399050185900212
410,short,2021-06-29,22:00:00,36226.33,2021-06-30,19:00:00,34799.33,2278.3182783505763,closed,87.91054549862916,3.8585717515409375,661.3078243208508,100000,36226.33,34067.48,0.01257824504083398,1.8226546226804612
411,long,2021-06-30,19:00:00,34799.33,2021-07-01,04:00:00,34120.06,1303.673431329592,closed,-26.49765256816093,-2.032537591959397,634.8101717526899,0,34120.06,35177.35,0.007492520294669996,1.0429387450636736
412,short,2021-07-01,04:00:00,34120.06,2021-07-01,18:00:00,33480.69,2543.9574070978424,closed,45.6207073610251,1.7932968230419157,680.430879113715,100000,34442.85,33015.86,0.014911799141606683,2.035165925678274
413,long,2021-07-01,18:00:00,33480.69,2021-07-02,06:00:00,32843.99,1258.2922328917334,closed,-24.943007950906484,-1.9822905441913063,655.4878711628086,0,32748.27,33908.38,0.007516525094863537,1.0066337863133867
414,short,2021-07-02,06:00:00,32843.99,2021-07-02,08:00:00,33340.17,2433.223880363594,closed,-38.72054200389234,-1.5913267297913567,616.7673291589163,100000,33456.01,32744.64,0.014816859220597707,1.9465791042908753
415,long,2021-07-02,08:00:00,33340.17,2021-07-03,19:00:00,34620.75,1151.7353292741357,closed,43.309306447975985,3.7603523437343056,660.0766356068923,0,32776.81,34900.0,0.0069089949407824605,0.9213882634193086
416,short,2021-07-03,19:00:00,34620.75,2021-07-04,06:00:00,35185.64,3300.3831780344626,closed,-56.51012536713509,-1.7122292266920833,603.5665102397572,100000,35236.45,34278.75,0.019065925365767424,2.6403065424275702
417,long,2021-07-04,06:00:00,35185.64,2021-07-04,14:00:00,35341.27,1675.0657154471307,closed,6.059428129199611,0.36174271094684474,609.6259383689569,0,35089.77,35620.62,0.009521303096644715,1.3400525723577046
418,short,2021-07-04,14:00:00,35341.27,2021-07-05,19:00:00,33959.89,3048.1296918447856,closed,116.6861278113257,3.8281221472799296,726.3120661802826,100000,35955.55,33132.32,0.017249689622612804,2.4385037534758287
419,long,2021-07-05,19:00:00,33959.89,2021-07-06,12:00:00,34037.0,1707.7867705490894,closed,2.501447437724021,0.14647305394687843,728.8135136180066,0,33638.12,35013.41,0.010057669624660677,1.3662294164392716
420,short,2021-07-06,12:00:00,34037.0,2021-07-07,00:00:00,34206.01,2935.671975964109,closed,-16.942804262702506,-0.5771354702235861,711.8707093553041,100000,34440.0,33591.73,0.017249886746564674,2.3485375807712874
421,long,2021-07-07,00:00:00,34206.01,2021-07-07,16:00:00,34534.9,1456.7854306800816,closed,12.833012374213697,0.8809130091466366,724.7037217295178,0,33965.89,35039.03,0.008517716218173833,1.1654283445440654
422,short,2021-07-07,16:00:00,34534.9,2021-07-08,15:00:00,32737.97,3575.7547033626074,closed,183.17340091584373,5.122650072824881,907.8771226453616,100000,34757.88,32149.71,0.020708064614998786,2.860603762690086
423,long,2021-07-08,15:00:00,32737.97,2021-07-10,05:00:00,33641.78,1820.0728276825705,closed,48.78028833546654,2.680128376927456,956.6574109808282,0,32289.5,34199.33,0.01111903290083393,1.4560582621460565
424,short,2021-07-10,05:00:00,33641.78,2021-07-11,09:00:00,33672.66,4783.28705490414,closed,-8.245675296871608,-0.1723851234982354,948.4117356839566,100000,34124.19,33088.63,0.028436587213305244,3.826629643923312
425,long,2021-07-11,09:00:00,33672.66,2021-07-12,08:00:00,34271.16,3093.934892556451,closed,52.49827106195864,1.6968124050787785,1000.9100067459153,0,33599.99,34583.82,0.018376539854923553,2.4751479140451607
426,short,2021-07-12,08:00:00,34271.16,2021-07-13,02:00:00,33137.37,5004.550033729576,closed,161.5322762575983,3.227708288835279,1162.4422830035137,100000,34437.74,32669.96,0.029205606309967776,4.003640026983661
427,long,2021-07-13,02:00:00,33137.37,2021-07-13,13:00:00,32344.43,3202.274773280744,closed,-79.20798134803675,-2.47349109479721,1083.2343016554769,0,32325.4,33286.86,0.019327271737502066,2.561819818624595
428,short,2021-07-13,13:00:00,32344.43,2021-07-13,18:00:00,32765.71,5416.171508277384,closed,-74.91102336577654,-1.383099173489837,1008.3232782897003,100000,32867.01,32305.35,0.03349059796866035,4.332937206621907
429,long,2021-07-13,18:00:00,32765.71,2021-07-13,19:00:00,32475.58,2674.5241522199167,closed,-25.838010020894046,-0.9660787695429074,982.4852682688063,0,32471.08,32765.71,0.01632514083912674,2.1396193217759336
430,short,2021-07-13,19:00:00,32475.58,2021-07-13,23:00:00,32571.72,4912.426341344031,closed,-18.502834112247463,-0.37665367023467916,963.9824341565588,100000,32605.99,32238.2,0.03025304762128363,3.9299410730752253
431,long,2021-07-13,23:00:00,32571.72,2021-07-14,04:00:00,31808.0,2574.476170953453,closed,-62.43999181204859,-2.4253474363650462,901.5424423445103,0,31667.0,32770.37,0.015808045574218697,2.059580936762763
432,short,2021-07-14,04:00:00,31808.0,2021-07-14,10:00:00,32312.96,4138.833071414876,closed,-69.04210626962985,-1.6681539235412446,832.5003360748805,100000,32477.74,31622.39,0.026023849795113657,3.311066457131901
433,long,2021-07-14,10:00:00,32312.96,2021-07-15,04:00:00,32619.72,1870.9678141882898,closed,16.253499729045032,0.8687215036938801,848.7538358039255,0,32267.47,33132.34,0.011580293567585824,1.496774251350632
434,short,2021-07-15,04:00:00,32619.72,2021-07-15,23:00:00,31750.22,4243.769179019626,closed,109.69941181071943,2.584952366237356,958.453247614645,100000,32672.99,31173.47,0.026019654239948266,3.395015343215701
435,long,2021-07-15,23:00:00,31750.22,2021-07-16,10:00:00,31391.87,2471.759347093178,closed,-29.890578280908798,-1.2092835136260542,928.5626693337362,0,31340.0,31998.27,0.01557002973266439,1.9774074776745425
436,short,2021-07-16,10:00:00,31391.87,2021-07-16,14:00:00,31754.45,4642.8133466686795,closed,-57.36890157594251,-1.235649536010444,871.1937677577937,100000,31947.35,31078.33,0.02957971823066724,3.714250677334944
437,long,2021-07-16,14:00:00,31754.45,2021-07-16,23:00:00,31574.08,2189.169384973731,closed,-14.199931400671328,-0.6486447096391181,856.9938363571224,0,31545.44,32185.28,0.013788110863036402,1.751335507978985
438,short,2021-07-16,23:00:00,31574.08,2021-07-17,09:00:00,31684.88,4284.96918178561,closed,-18.49196388217127,-0.43155418621856684,838.5018724749511,100000,31886.1,31200.57,0.027142321687825013,3.427975345428488
439,long,2021-07-17,09:00:00,31684.88,2021-07-17,11:00:00,31262.44,2283.229449774479,closed,-32.28224867998703,-1.4138854368392821,806.2196237949641,0,31246.45,31757.67,0.014412107287605183,1.8265835598195832
440,short,2021-07-17,11:00:00,31262.44,2021-07-17,13:00:00,31489.01,4031.098118974818,closed,-32.465466256081385,-0.8053752426234156,773.7541575388827,100000,31541.16,31262.44,0.025788761971073396,3.224878495179855
441,long,2021-07-17,13:00:00,31489.01,2021-07-18,00:00:00,31496.65,2146.347687686499,closed,-1.2099543378605908,-0.05637270908166673,772.5442032010221,0,31340.52,31883.01,0.0136323605453871,1.7170781501491992
442,short,2021-07-18,00:00:00,31496.65,2021-07-18,01:00:00,31957.83,3862.721016005108,closed,-59.67340780290741,-1.5448541987798712,712.8707953981148,100000,32056.02,31458.46,0.02452782131436269,3.0901768128040867
443,long,2021-07-18,01:00:00,31957.83,2021-07-18,08:00:00,31705.0,2142.7905669588836,closed,-18.680036989031812,-0.8717621440504619,694.190758409083,0,31704.69,32392.77,0.013410113058107409,1.714232453567107
444,short,2021-07-18,08:00:00,31705.0,2021-07-18,22:00:00,31790.72,3470.9537920454104,closed,-12.182987597980935,-0.3509982652578495,682.007770811102,100000,31825.17,31148.96,0.02189530857622085,2.7767630336363283
445,long,2021-07-18,22:00:00,31790.72,2021-07-19,03:00:00,31498.13,2284.428930757389,closed,-22.866951709006347,-1.0009920379280497,659.1408191020956,0,31443.29,31873.25,0.014371671549165223,1.8275431446059114
446,short,2021-07-19,03:00:00,31498.13,2021-07-19,05:00:00,31727.6,3295.704095510474,closed,-26.667334614766638,-0.8091543974197755,632.473484487329,100000,31740.96,31445.55,0.020926347662610284,2.6365632764083795
447,long,2021-07-19,05:00:00,31727.6,2021-07-19,09:00:00,31481.51,1979.8142849693397,closed,-16.952440928760247,-0.8562641989939365,615.5210435585687,0,31479.78,31856.95,0.012480075927390285,1.5838514279754718
448,short,2021-07-19,09:00:00,31481.51,2021-07-19,23:00:00,30831.87,3077.6052177928377,closed,61.026609114092075,1.9829251900560025,676.5476526726608,100000,31522.0,30542.86,0.019551827201381624,2.4620841742342705
449,long,2021-07-19,23:00:00,30831.87,2021-07-20,03:00:00,30173.76,1993.371377630778,closed,-44.156381216889706,-2.215160793036558,632.3912714557711,0,30166.55,30971.04,0.01293059018237154,1.5946971021046223
450,short,2021-07-20,03:00:00,30173.76,2021-07-20,13:00:00,29687.65,3161.95635727885,closed,48.38971754800699,1.5303727211988063,680.780989003778,100000,30241.64,29291.49,0.02095831846795925,2.5295650858230805
451,long,2021-07-20,13:00:00,29687.65,2021-07-21,21:00:00,31790.69,1671.1538930237564,closed,117.034495721564,7.003214737441317,797.815484725342,0,29322.69,32753.81,0.011258243027142643,1.3369231144190052
452,short,2021-07-21,21:00:00,31790.69,2021-07-22,16:00:00,32482.65,3158.4748889558477,closed,-71.29439644102573,-2.2572411986024927,726.5210882843163,100000,32496.06,31678.24,0.01987043935791169,2.5267799111646783
453,long,2021-07-22,16:00:00,32482.65,2021-07-22,19:00:00,32266.91,1768.1681173310815,closed,-13.169062626775098,-0.7447856624998318,713.3520256575412,0,32217.0,32520.0,0.010886846469306424,1.4145344938648652
454,short,2021-07-22,19:00:00,32266.91,2021-07-23,02:00:00,32741.29,3566.7601282877013,closed,-55.313126795333645,-1.5507946933871297,658.0388988622075,100000,32742.61,32087.92,0.022107850601670267,2.853408102630161
455,long,2021-07-23,02:00:00,32741.29,2021-07-23,08:00:00,32478.19,1813.1044084152254,closed,-16.031167144748842,-0.8841833415848982,642.0077317174587,0,32365.62,32834.26,0.011075338866704552,1.4504835267321805
456,short,2021-07-23,08:00:00,32478.19,2021-07-23,22:00:00,32581.19,3210.038658587289,closed,-12.767983250758824,-0.39775169736983496,629.2397484666999,100000,32629.02,32023.06,0.01976734946490115,2.5680309268698314
457,long,2021-07-23,22:00:00,32581.19,2021-07-24,12:00:00,33855.37,2118.1684401588623,closed,81.12945753893396,3.830170254677634,710.3692060056338,0,32554.17,33935.97,0.013002400711323695,1.69453475212709
458,short,2021-07-24,12:00:00,33855.37,2021-07-24,17:00:00,34402.06,3551.846030028165,closed,-60.21698550586784,-1.6953715053180483,650.152220499766,100000,34405.9,33720.1,0.0209824676559622,2.841476824022532
459,long,2021-07-24,17:00:00,34402.06,2021-07-24,20:00:00,33828.05,1981.5503829613547,closed,-34.659598219826286,-1.7491151634524065,615.4926222799397,0,33760.47,34460.76,0.011519951903818288,1.5852403063690839
460,short,2021-07-24,20:00:00,33828.05,2021-07-25,07:00:00,34436.2,3077.463111399694,closed,-57.80582518426139,-1.8783596453239078,557.6867970956783,100000,34484.38,33724.78,0.018194741413706635,2.4619704891197554
461,long,2021-07-25,07:00:00,34436.2,2021-07-25,11:00:00,34328.32,1521.8845026879762,closed,-5.994029897017773,-0.39385576805802436,551.6927671986606,0,34258.47,34750.0,0.008838864350235951,1.217507602150381
462,short,2021-07-25,11:00:00,34328.32,2021-07-25,23:00:00,34620.07,2758.463835993298,closed,-25.666512673342815,-0.9304639900816585,526.0262545253178,100000,34620.07,33862.69,0.016071068062714973,2.2067710687946382
463,long,2021-07-25,23:00:00,34620.07,2021-07-26,13:00:00,38634.01,1649.0353357492118,closed,189.8646453778157,11.513679619943003,715.8908999031335,0,34581.98,39814.35,0.009526470256987996,1.3192282685993695
464,short,2021-07-26,13:00:00,38634.01,2021-07-27,11:00:00,37580.17,1577.657461798583,closed,41.764290601076716,2.647234371995047,757.6551905042102,100000,40474.47,36433.44,0.008167194975611296,1.2621259694388665
465,long,2021-07-27,11:00:00,37580.17,2021-07-27,20:00:00,37780.52,1056.7265255939578,closed,4.782688426299426,0.45259471684135155,762.4378789305096,0,37411.16,38700.8,0.005623851757956167,0.8453812204751663
466,short,2021-07-27,20:00:00,37780.52,2021-07-27,21:00:00,38017.58,2214.1219834259346,closed,-15.675886030405584,-0.7079955913788507,746.761992900104,100000,38153.87,37780.52,0.01172097146056187,1.7712975867407477
467,long,2021-07-27,21:00:00,38017.58,2021-07-28,10:00:00,39933.54,1121.110341497483,closed,55.597458495513145,4.959142417797238,802.3594513956172,0,37949.46,40282.56,0.00589785221204234,0.8968882731979865
468,short,2021-07-28,10:00:00,39933.54,2021-07-28,11:00:00,40161.08,2358.1044348356877,closed,-15.334695351517352,-0.6502975493782942,787.0247560440998,100000,40282.0,39825.0,0.011810144729646747,1.8864835478685502
469,long,2021-07-28,11:00:00,40161.08,2021-07-28,13:00:00,39669.85,1171.0185025457804,closed,-15.265951934456284,-1.3036473720328317,771.7588041096435,0,39649.81,40786.49,0.005831608624796845,0.9368148020366244
470,short,2021-07-28,13:00:00,39669.85,2021-07-29,10:00:00,40377.06,2102.2743880304292,closed,-39.170489743273826,-1.8632434455890283,732.5883143663697,100000,40609.99,38843.66,0.0105988522166352,1.6818195104243434
471,long,2021-07-29,10:00:00,40377.06,2021-07-29,12:00:00,39748.7,1199.2985632519885,closed,-19.629225727547823,-1.6367255268214194,712.9590886388219,0,39619.9,40480.38,0.005940494742569116,0.9594388506015908
472,short,2021-07-29,12:00:00,39748.7,2021-07-30,00:00:00,40012.9,2288.604263827285,closed,-17.05419806930082,-0.7451789869857489,695.9048905695211,100000,40391.94,39443.21,0.01151536660986289,1.8308834110618282
473,long,2021-07-30,00:00:00,40012.9,2021-07-30,06:00:00,39713.46,1457.5245402735611,closed,-12.080815941598404,-0.8288584931359694,683.8240746279226,0,39661.46,40226.44,0.00728527320076056,1.166019632218849
474,short,2021-07-30,06:00:00,39713.46,2021-07-30,18:00:00,39013.68,3335.696754301619,closed,56.092042538601596,1.681568999528117,739.9161171665243,100000,39863.64,38356.25,0.016798822133864032,2.6685574034412953
475,long,2021-07-30,18:00:00,39013.68,2021-07-31,08:00:00,41537.59,1893.524244052615,closed,120.97314046801658,6.38878223228364,860.8892576345409,0,38906.59,42224.69,0.009706975830286273,1.514819395242092
476,short,2021-07-31,08:00:00,41537.59,2021-08-01,04:00:00,42420.62,3457.62294246042,closed,-76.28688546437455,-2.206339058188032,784.6023721701663,100000,42550.18,41102.2,0.016648163470535583,2.766098353968336
477,long,2021-08-01,04:00:00,42420.62,2021-08-01,07:00:00,41700.91,1743.5609015802909,closed,-30.984395707061836,-1.7770756202997482,753.6179764631045,0,41660.57,42420.62,0.008220346150434816,1.3948487212642329
478,short,2021-08-01,07:00:00,41700.91,2021-08-02,08:00:00,40099.99,3437.7506150006448,closed,129.2103769736675,3.758573306913459,882.828353436772,100000,41935.3,39351.6,0.016487652739475684,2.750200492000516
479,long,2021-08-02,08:00:00,40099.99,2021-08-02,09:00:00,39539.11,1802.199599713233,closed,-26.658178721448554,-1.4792023439407276,856.1701747153235,0,39521.69,40127.95,0.008988528923389921,1.4417596797705865
480,short,2021-08-02,09:00:00,39539.11,2021-08-02,10:00:00,39622.82,3313.914917305358,closed,-9.683930616239758,-0.2922202548312269,846.4862440990837,100000,39698.6,39365.65,0.016762718823490754,2.6511319338442862
481,long,2021-08-02,10:00:00,39622.82,2021-08-02,13:00:00,39256.07,1667.5130736839274,closed,-16.776977980903357,-1.00610773286707,829.7092661181804,0,39039.99,39796.46,0.00841693283660238,1.334010458947142
482,short,2021-08-02,13:00:00,39256.07,2021-08-02,14:00:00,39557.43,3238.3353098870957,closed,-27.467136932868573,-0.8481869326195938,802.2421291853118,100000,39605.93,39139.5,0.016498520151849615,2.5906682479096768
483,long,2021-08-02,14:00:00,39557.43,2021-08-02,21:00:00,38840.0,1571.11281399906,closed,-29.75918902819629,-1.8941471779132275,772.4829401571155,0,38701.73,39953.42,0.007943452413359817,1.2568902511992481
484,short,2021-08-02,21:00:00,38840.0,2021-08-02,23:00:00,39410.01,3167.1410264333967,closed,-49.030506968484346,-1.5480998970133935,723.4524331886312,100000,39481.51,38799.01,0.016308656160831086,2.5337128211467177
485,long,2021-08-02,23:00:00,39410.01,2021-08-03,02:00:00,38821.24,1512.6703636575858,closed,-23.816511272394337,-1.5744680298228901,699.6359219162368,0,38802.15,39742.74,0.007676579445971141,1.2101362909260687
486,short,2021-08-03,02:00:00,38821.24,2021-08-03,10:00:00,38628.35,2641.29611682465,closed,10.99708912907177,0.4163519969995792,710.6330110453086,100000,39066.27,38034.62,0.01360747939439673,2.11303689345972
487,long,2021-08-03,10:00:00,38628.35,2021-08-04,07:00:00,37817.46,1487.9324932749132,closed,-32.43287035743502,-2.1797272728449424,678.2001406878736,0,37759.83,38782.02,0.007703836655072832,1.1903459946199306
488,short,2021-08-04,07:00:00,37817.46,2021-08-04,11:00:00,38080.99,3140.182126264379,closed,-24.411031352234538,-0.7773762912686332,653.7891093356391,100000,38080.99,37574.74,0.016607049369600068,2.5121457010115034
489,long,2021-08-04,11:00:00,38080.99,2021-08-05,03:00:00,39405.49,1603.9450814359916,closed,54.49544820290421,3.397588161442231,708.2845575385433,0,38040.38,39945.67,0.00842386230734018,1.2831560651487934
490,short,2021-08-05,03:00:00,39405.49,2021-08-05,17:00:00,39727.25,3541.422787692713,closed,-31.768103401899353,-0.8970435134799797,676.5164541366439,100000,39753.8,37376.26,0.017974260884423533,2.8331382301541703
491,long,2021-08-05,17:00:00,39727.25,2021-08-06,04:00:00,40224.62,1232.5809604434462,closed,14.439172974093347,1.1714583818411863,690.9556271107373,0,39674.55,41335.29,0.006205216623065762,0.986064768354757
492,short,2021-08-06,04:00:00,40224.62,2021-08-06,16:00:00,42213.52,2328.667918105457,closed,-117.01513107129755,-5.024981456630277,573.9404960394397,100000,42386.09,39931.22,0.011578321525998043,1.8629343344843656
493,long,2021-08-06,16:00:00,42213.52,2021-08-07,06:00:00,43420.0,980.4514221661005,closed,27.23270404731985,2.7775679071539248,601.1732000867596,0,42213.52,43929.65,0.0046452009790517385,0.7843611377328805
494,short,2021-08-07,06:00:00,43420.0,2021-08-08,00:00:00,44601.11,2286.7128304654802,closed,-64.0430214333539,-2.8006586826347313,537.1301786534057,100000,44708.68,42595.0,0.010532993231070846,1.8293702643723844
495,long,2021-08-08,00:00:00,44601.11,2021-08-08,03:00:00,43931.55,949.278266711416,closed,-15.014417879465329,-1.5816666625561508,522.1157607739403,0,43862.53,44793.48,0.004256747272484546,0.7594226133691329
496,short,2021-08-08,03:00:00,43931.55,2021-08-08,06:00:00,44739.05,1837.2663116780097,closed,-35.24872592499392,-1.9185420045502604,486.86703484894645,100000,44750.55,43890.32,0.008364222576612979,1.469813049342408
497,long,2021-08-08,06:00:00,44739.05,2021-08-08,10:00:00,44731.9,903.0226458681196,closed,-0.870772103807141,-0.0964286009649321,485.9962627451393,0,44480.35,45263.73,0.004036843186737848,0.7224181166944957
498,short,2021-08-08,10:00:00,44731.9,2021-08-09,08:00:00,43790.0,1821.5850558453203,closed,36.89090511786638,2.0252090342686127,522.8871678630056,100000,45157.89,42837.21,0.008144456443143799,1.4572680446762563
499,long,2021-08-09,08:00:00,43790.0,2021-08-09,22:00:00,45743.51,1035.308935044887,closed,45.353056709295224,4.380630280886052,568.2402245723008,0,43608.14,46435.67,0.0047285176298008085,0.8282471480359096
500,short,2021-08-09,22:00:00,45743.51,2021-08-09,23:00:00,46258.3,1948.5705569619847,closed,-23.496271198610057,-1.2058209088021468,544.7439533736907,100000,46283.81,45736.82,0.008519549798264211,1.558856445569588
501,long,2021-08-09,23:00:00,46258.3,2021-08-10,01:00:00,45981.1,946.8755540302786,closed,-6.435687464537229,-0.6796761662231521,538.3082659091535,0,45734.27,46654.69,0.004093862308084294,0.7575004432242229
502,short,2021-08-10,01:00:00,45981.1,2021-08-10,22:00:00,45690.8,1828.9661961106765,closed,10.075983207094033,0.5509113962040829,548.3842491162476,100000,46156.65,44705.47,0.007955295528426578,1.4631729568885412
503,long,2021-08-10,22:00:00,45690.8,2021-08-11,21:00:00,46323.1,1166.1821717888506,closed,15.200362298053687,1.3034294868988847,563.5846114143013,0,45256.29,46717.07,0.0051046695255449704,0.9329457374310806
504,short,2021-08-11,21:00:00,46323.1,2021-08-12,21:00:00,44480.12,2817.9230570715035,closed,109.84550485304722,3.898101638275496,673.4301162673486,100000,46380.34,43832.46,0.012166383757008938,2.254338445657203
505,long,2021-08-12,21:00:00,44480.12,2021-08-12,23:00:00,43970.0,1649.3537043798244,closed,-20.242502560103784,-1.227299063042102,653.1876137072449,0,43883.75,44515.42,0.007416138735146508,1.3194829635038596
506,short,2021-08-12,23:00:00,43970.0,2021-08-13,00:00:00,44385.09,3205.363006504155,closed,-32.8384592241958,-1.0244848760518457,620.349154483049,100000,44513.99,43970.0,0.014579772601792836,2.564290405203324
507,long,2021-08-13,00:00:00,44385.09,2021-08-13,20:00:00,46466.14,1506.6309322164598,closed,69.428166433459,4.608173438422686,689.777320916508,0,44264.23,46658.5,0.006788905608691838,1.2053047457731678
508,short,2021-08-13,20:00:00,46466.14,2021-08-13,21:00:00,47606.39,3448.8866045825353,closed,-87.40747319330329,-2.5343678472108935,602.3698477232047,100000,47815.45,46414.86,0.014844730397586436,2.7591092836660285
509,long,2021-08-13,21:00:00,47606.39,2021-08-14,05:00:00,47485.38,1541.1243567718407,closed,-5.156735829326724,-0.3346086775325792,597.2131118938779,0,47431.91,47835.62,0.006474443270207385,1.2328994854174726
510,short,2021-08-14,05:00:00,47485.38,2021-08-15,00:00:00,47083.74,2986.065559469385,closed,22.85525759626089,0.7653970464172328,620.0683694901388,100000,48155.57,46142.31,0.012576778618890214,2.388852447575508
511,long,2021-08-15,00:00:00,47083.74,2021-08-15,05:00:00,46737.35,1608.0947993598031,closed,-13.123886727197979,-0.8161139960419445,606.9444827629409,0,46509.88,47345.37,0.006830786166773512,1.2864758394878426
512,short,2021-08-15,05:00:00,46737.35,2021-08-15,18:00:00,45989.0,3034.7224138146985,closed,46.15066252172236,1.5207540008151907,653.0951452846632,100000,46859.01,45531.89,0.01298628362033662,2.427777931051759
513,long,2021-08-15,18:00:00,45989.0,2021-08-16,09:00:00,47164.23,1622.773749648713,closed,40.16404021552234,2.475024027484841,693.2591855001856,0,45898.19,48005.76,0.007057225639386432,1.2982189997189704
514,short,2021-08-16,09:00:00,47164.23,2021-08-17,03:00:00,46451.26,3466.2959275009225,closed,49.61140265719726,1.4312512172890368,742.8705881573828,100000,47655.78,45362.37,0.014698833957433089,2.773036742000738
515,long,2021-08-17,03:00:00,46451.26,2021-08-17,07:00:00,45772.01,1841.4418742144944,closed,-28.408217939712678,-1.5427159736894112,714.4623702176701,0,45772.01,46589.34,0.007928490526261265,1.4731534993715956
516,short,2021-08-17,07:00:00,45772.01,2021-08-17,09:00:00,46222.4,3572.311851088347,closed,-38.02449383365081,-1.064422576155164,676.4378763840193,100000,46342.92,45672.0,0.01560915437660853,2.857849480870678
517,long,2021-08-17,09:00:00,46222.4,2021-08-17,16:00:00,45754.47,1756.5563611809566,closed,-19.195250137571445,-1.0927773547024826,657.2426262464479,0,45702.92,47153.99,0.007600455022590592,1.4052450889447654
518,short,2021-08-17,16:00:00,45754.47,2021-08-18,05:00:00,45087.12,3220.541535055551,closed,44.38256957785203,1.378108901709491,701.6251958242999,100000,46192.16,44324.57,0.014077494658141822,2.576433228044441
519,long,2021-08-18,05:00:00,45087.12,2021-08-18,21:00:00,44552.09,1516.5376652601099,closed,-19.216075613959372,-1.2671017709714132,682.4091202103406,0,44552.09,45976.76,0.006727143651047616,1.2132301322080878
520,short,2021-08-18,21:00:00,44552.09,2021-08-19,09:00:00,44713.3,3061.647361520006,closed,-13.541513577969637,-0.4422950124225517,668.8676066323709,100000,45191.86,44009.74,0.013744124513664822,2.449317889216005
521,long,2021-08-19,09:00:00,44713.3,2021-08-20,08:00:00,46871.29,1573.714815084349,closed,74.68590564167273,4.7458348187228365,743.5535122740437,0,44163.49,47467.81,0.007039135179395611,1.2589718520674793
522,short,2021-08-20,08:00:00,46871.29,2021-08-20,15:00:00,48600.02,3717.7675613702168,closed,-140.110611828628,-3.768675946405562,603.4429004454157,100000,48641.4,46780.0,0.015863730489902098,2.9742140490961737
523,long,2021-08-20,15:00:00,48600.02,2021-08-21,02:00:00,49067.0,1606.012495322522,closed,14.14017362651934,0.8804522796492744,617.583074071935,0,48283.27,49378.76,0.006609102199227582,1.2848099962580177
524,short,2021-08-21,02:00:00,49067.0,2021-08-21,18:00:00,49674.49,3087.915370359674,closed,-40.713862396229935,-1.3184902276479056,576.8692116757051,100000,49720.69,48317.88,0.01258652605767491,2.470332296287739
525,long,2021-08-21,18:00:00,49674.49,2021-08-21,20:00:00,48999.94,1525.0372087970943,closed,-21.935267238742625,-1.4383430851529542,554.9339444369624,0,48886.83,49674.49,0.006140122259119699,1.2200297670376754
526,short,2021-08-21,20:00:00,48999.94,2021-08-22,23:00:00,49283.09,2774.6697221848103,closed,-18.264707787530917,-0.6582660142032707,536.6692366494315,100000,49447.47,48189.72,0.011325196407117275,2.2197357777478484
527,long,2021-08-22,23:00:00,49283.09,2021-08-23,14:00:00,50209.99,1534.1120495530415,closed,27.619554913343304,1.800360991975141,564.2887915627748,0,49127.34,50479.99,0.00622571372676933,1.2272896396424333
528,short,2021-08-23,14:00:00,50209.99,2021-08-24,07:00:00,49808.72,2821.4439578138727,closed,20.280123334708584,0.7187852616580819,584.5689148974834,100000,50389.29,48876.44,0.011238576059520717,2.2571551662510982
529,long,2021-08-24,07:00:00,49808.72,2021-08-24,12:00:00,49459.48,1952.733823649808,closed,-15.261862684717599,-0.7815639028668032,569.3070522127658,0,49150.97,49853.75,0.00784093156238429,1.5621870589198465
530,short,2021-08-24,12:00:00,49459.48,2021-08-25,03:00:00,48217.15,2846.5352610638265,closed,69.21092419034956,2.4314093395239933,638.5179764031154,100000,49459.48,47655.31,0.011510574963844451,2.2772282088510614
531,long,2021-08-25,03:00:00,48217.15,2021-08-25,09:00:00,47300.0,1770.8807734154407,closed,-35.10839891200055,-1.9825388269526532,603.4095774911149,0,47300.0,48588.88,0.007345439427321775,1.4167046187323526
532,short,2021-08-25,09:00:00,47300.0,2021-08-25,14:00:00,47678.66,3017.0478874555715,closed,-26.579362678705017,-0.8809725158562441,576.8302148124098,100000,47899.99,47157.5,0.01275707351989671,2.4136383099644574
533,long,2021-08-25,14:00:00,47678.66,2021-08-26,04:00:00,47945.44,1611.504006698688,closed,7.721006773397466,0.4791180624623235,584.5512215858073,0,47361.19,49353.3,0.0067598544367592885,1.2892032053589504
534,short,2021-08-26,04:00:00,47945.44,2021-08-26,18:00:00,46962.68,2881.1439323657605,closed,56.73921464382895,1.9693294044230318,641.2904362296363,100000,48086.59,46296.75,0.012018427330589773,2.3049151458926085
535,long,2021-08-26,18:00:00,46962.68,2021-08-28,05:00:00,48994.8,1483.8078788397172,closed,63.01241814767936,4.246669602331047,704.3028543773156,0,46382.03,49299.28,0.006319093709471935,1.1870463030717737
536,short,2021-08-28,05:00:00,48994.8,2021-08-29,01:00:00,49620.82,3521.514271886576,closed,-47.82694035488221,-1.35813563888412,656.4759140224334,100000,49634.59,48455.83,0.014375053156198518,2.817211417509261
537,long,2021-08-29,01:00:00,49620.82,2021-08-29,03:00:00,48617.69,2306.36726346631,closed,-48.47970134957726,-2.101993993650241,607.9962126728561,0,48617.53,49672.1,0.00929596594117675,1.845093810773048
538,short,2021-08-29,03:00:00,48617.69,2021-08-29,17:00:00,48685.82,3039.98106336428,closed,-6.704542968110687,-0.22054555039533424,601.2916697047455,100000,48722.44,47849.32,0.012505658180651033,2.4319848506914243
539,long,2021-08-29,17:00:00,48685.82,2021-08-30,02:00:00,48513.58,1942.2116270630122,closed,-8.432876462025687,-0.4341893717718998,592.8587932427198,0,48388.09,49389.95,0.007978551566197353,1.55376930165041
540,short,2021-08-30,02:00:00,48513.58,2021-08-30,17:00:00,48200.53,2964.2939662135987,closed,16.74443645163264,0.5648709825166538,609.6032296943524,100000,48662.49,47510.22,0.012220470912324338,2.371435172970879
541,long,2021-08-30,17:00:00,48200.53,2021-08-31,00:00:00,47024.7,2006.7836111568727,closed,-50.568326886681135,-2.519869437120301,559.0349028076713,0,46937.02,48736.77,0.008326811390484181,1.6054268889254981
542,short,2021-08-31,00:00:00,47024.7,2021-08-31,08:00:00,47789.0,2795.1745140383573,closed,-47.67844792967466,-1.7057413657078153,511.3564548779966,100000,47875.65,46754.0,0.011888112051914665,2.236139611230686
543,long,2021-08-31,08:00:00,47789.0,2021-08-31,18:00:00,47145.16,1457.5232519521471,closed,-20.808682712282923,-1.4276741509552333,490.5477721657137,0,47104.6,48245.54,0.006099827374300142,1.1660186015617178
544,short,2021-08-31,18:00:00,47145.16,2021-09-01,05:00:00,47191.77,2452.7388608285696,closed,-4.397493165808609,-0.17928908927235224,486.1502789999051,100000,47432.84,46562.02,0.010405050532561856,1.9621910886628557
545,long,2021-09-01,05:00:00,47191.77,2021-09-02,13:00:00,50056.05,1367.7166016023434,closed,81.91287994679685,5.989024323520831,568.063158946702,0,47125.62,50320.85,0.005796420018161402,1.0941732812818747
546,short,2021-09-02,13:00:00,50056.05,2021-09-03,09:00:00,50045.59,2840.3157947335108,closed,-1.690072458685659,-0.059502977162587935,566.3730864880163,100000,50374.58,48410.13,0.011348541463952951,2.272252635786809
547,long,2021-09-03,09:00:00,50045.59,2021-09-03,21:00:00,50187.12,1564.2599853026504,closed,3.166101401153292,0.2024025053955925,569.5391878891695,0,49614.09,51011.94,0.00625133996942648,1.2514079882421203
548,short,2021-09-03,21:00:00,50187.12,2021-09-04,22:00:00,50239.61,2847.6959394458477,closed,-5.267870029572949,-0.1849870962908371,564.2713178595966,100000,50564.26,49536.0,0.011348313828113061,2.2781567515566783
549,long,2021-09-04,22:00:00,50239.61,2021-09-04,23:00:00,49889.78,1868.1446133433974,closed,-14.510274750281125,-0.7767211727957318,549.7610431093154,0,49874.02,50297.78,0.007436939153561891,1.494515690674718
550,short,2021-09-04,23:00:00,49889.78,2021-09-05,01:00:00,50188.31,2748.805215546579,closed,-18.658338682058798,-0.6787799505229304,531.1027044272566,100000,50277.28,49761.69,0.011019512275045426,2.1990441724372634
551,long,2021-09-05,01:00:00,50188.31,2021-09-05,04:00:00,49694.34,1721.8973784814448,closed,-18.331864991264073,-1.0646316801661604,512.7708394359926,0,49694.34,50300.23,0.006861746803115885,1.3775179027851558
552,short,2021-09-05,04:00:00,49694.34,2021-09-05,09:00:00,50176.8,2563.854197179963,closed,-26.952709313756216,-1.0512574912958024,485.81813012223637,100000,50199.38,49509.03,0.010318495817350481,2.0510833577439707
553,long,2021-09-05,09:00:00,50176.8,2021-09-06,08:00:00,51824.8,1666.2743814362316,closed,53.38722821353021,3.2039878190717617,539.2053583357666,0,49945.08,51934.03,0.006641612782944434,1.3330195051489853
554,short,2021-09-06,08:00:00,51824.8,2021-09-06,22:00:00,52134.71,2696.0267916788325,closed,-18.289346177625966,-0.678381469875419,520.9160121581407,100000,52165.24,51064.07,0.010404388600356711,2.156821433343066
555,long,2021-09-06,22:00:00,52134.71,2021-09-07,07:00:00,52380.91,2070.6565511047024,closed,8.113961860162082,0.3918545475749349,529.0299740183028,0,52101.38,52885.18,0.007943485448004611,1.656525240883762
556,short,2021-09-07,07:00:00,52380.91,2021-09-08,02:00:00,47192.0,2645.1498700915126,closed,259.9052077678132,9.825727105542848,788.935181786116,100000,52477.1,43154.12,0.010099671311901655,2.11611989607321
557,long,2021-09-08,02:00:00,47192.0,2021-09-08,08:00:00,45111.16,974.6484550289439,closed,-43.759088590549474,-4.4897304627902965,745.1760931955665,0,45111.16,47312.62,0.004130566430873639,0.7797187640231551
558,short,2021-09-08,08:00:00,45111.16,2021-09-08,09:00:00,45988.0,1925.6011128719629,closed,-38.97754081146164,-2.024175232913533,706.1985523841049,100000,45988.0,44549.99,0.00853713853898664,1.5404808902975704
559,long,2021-09-08,09:00:00,45988.0,2021-09-09,21:00:00,46271.18,874.6870108622242,closed,4.682500768230123,0.535334435070019,710.8810531523351,0,45572.47,47317.4,0.0038039793461869366,0.6997496086897793
560,short,2021-09-09,21:00:00,46271.18,2021-09-10,02:00:00,46900.27,3244.9359109704233,closed,-46.72721400912074,-1.4400042186086381,664.1538391432143,100000,47036.94,46243.38,0.014025732263453938,2.5959487287763388
561,long,2021-09-10,02:00:00,46900.27,2021-09-10,05:00:00,46572.97,1670.0114360372365,closed,-12.99753573070635,-0.7782902230626726,651.156303412508,0,46496.43,46956.83,0.007121542950764406,1.3360091488297894
562,short,2021-09-10,05:00:00,46572.97,2021-09-10,06:00:00,46703.41,3255.7815170625368,closed,-11.737289447626463,-0.3605060531892261,639.4190139648815,100000,46722.96,46350.62,0.0139814210563017,2.6046252136500296
563,long,2021-09-10,06:00:00,46703.41,2021-09-10,07:00:00,46413.0,1735.7965357860878,closed,-12.189558002182686,-0.7022457846225864,627.2294559626988,0,46400.01,46703.41,0.007433275368055942,1.3886372286288704
564,short,2021-09-10,07:00:00,46413.0,2021-09-11,02:00:00,45360.0,3136.147279813491,closed,68.62925157238826,2.18832999375175,695.8587075350871,100000,46496.99,44299.99,0.013514089930896478,2.5089178238507928
565,long,2021-09-11,02:00:00,45360.0,2021-09-11,21:00:00,45313.19,1459.1598255865429,closed,-2.6795655897642074,-0.183637566137561,693.1791419453228,0,44840.37,45975.06,0.00643368529800063,1.1673278604692343
566,short,2021-09-11,21:00:00,45313.19,2021-09-12,05:00:00,45337.02,3465.8957097266093,closed,-4.610712831224918,-0.1330309166050646,688.568429114098,100000,45490.79,44775.24,0.015297513636654624,2.7727165677812877
567,long,2021-09-12,05:00:00,45337.02,2021-09-12,21:00:00,45115.83,2249.631529759324,closed,-12.785119006482317,-0.5683205821644101,675.7833101076156,0,45053.55,46200.0,0.00992403792644212,1.7997052238074593
568,short,2021-09-12,21:00:00,45115.83,2021-09-13,01:00:00,46062.41,3378.9165505380734,closed,-73.61151754187063,-2.178553877873912,602.171792565745,100000,46398.41,44936.76,0.014978851327962152,2.703133240430459
569,long,2021-09-13,01:00:00,46062.41,2021-09-13,02:00:00,45190.99,1714.995776049491,closed,-33.82415486267424,-1.9722587854174487,568.3476377030707,0,45152.57,46092.25,0.007446400551119627,1.3719966208395928
570,short,2021-09-13,02:00:00,45190.99,2021-09-13,14:00:00,46169.0,2841.7381885153486,closed,-63.7860220153499,-2.244612901819593,504.56161568772086,100000,46700.32,44230.02,0.012576569747710105,2.273390550812279
571,long,2021-09-13,14:00:00,46169.0,2021-09-13,16:00:00,44361.98,971.7831618870648,closed,-38.81649962672939,-3.994358119084227,465.74511606099145,0,43572.08,46169.0,0.0042096781905047315,0.7774265295096519
572,short,2021-09-13,16:00:00,44361.98,2021-09-13,19:00:00,44725.01,1356.9035762244505,closed,-12.195669116669807,-0.8987867178155683,453.54944694432163,100000,44725.01,44193.21,0.006117416653740209,1.0855228609795604
573,long,2021-09-13,19:00:00,44725.01,2021-09-14,22:00:00,46624.01,754.9057614368539,closed,31.445594436599148,4.165499330240507,484.9950413809208,0,44632.87,46886.87,0.003375765646276452,0.6039246091494832
574,short,2021-09-14,22:00:00,46624.01,2021-09-14,23:00:00,47164.9,2424.9752069045994,closed,-30.0827725744994,-1.240539387324255,454.91226880642137,100000,47178.93,46583.7,0.010402259294747918,1.9399801655236797
575,long,2021-09-14,23:00:00,47164.9,2021-09-15,04:00:00,47067.69,1185.2812807748933,closed,-3.396194797910674,-0.28653070397689623,451.5160740085107,0,46891.98,47393.32,0.005026115949678229,0.9482250246199146
576,short,2021-09-15,04:00:00,47067.69,2021-09-15,12:00:00,47538.1,2257.5803700425495,closed,-24.37865916834912,-1.0798578642801384,427.13741484016157,100000,47644.86,46740.72,0.009592909148685859,1.8060642960340396
577,long,2021-09-15,12:00:00,47538.1,2021-09-15,13:00:00,47395.78,1302.9379368291332,closed,-4.948579558390203,-0.37980163279558865,422.1888352817714,0,47307.23,47626.67,0.0054816576044441545,1.0423503494633066
578,short,2021-09-15,13:00:00,47395.78,2021-09-15,14:00:00,47712.19,2110.944176408853,closed,-15.790138115982023,-0.748013059390527,406.3986971657894,100000,47761.64,47357.69,0.00890773050431432,1.6887553411270824
579,long,2021-09-15,14:00:00,47712.19,2021-09-15,21:00:00,47909.98,1226.4677896125686,closed,4.097984166814571,0.3341289678801179,410.49668133260394,0,47612.3,48389.73,0.005141108759051171,0.9811742316900549
580,short,2021-09-15,21:00:00,47909.98,2021-09-17,02:00:00,48029.99,2052.4834066630156,closed,-6.791832964359323,-0.3309080571521732,403.7048483682446,100000,48452.01,47059.49,0.008568082919938666,1.6419867253304126
581,long,2021-09-17,02:00:00,48029.99,2021-09-17,11:00:00,47462.69,1115.9568240789868,closed,-14.07839172453662,-1.2615534419224235,389.62645664370797,0,47375.9,48132.86,0.004646916745470848,0.8927654592631894
582,short,2021-09-17,11:00:00,47462.69,2021-09-18,01:00:00,47391.89,1948.132283218536,closed,1.33931010411166,0.0687484169144288,390.9657667478196,100000,47719.28,46809.87,0.00820911028523051,1.5585058265748288
583,long,2021-09-18,01:00:00,47391.89,2021-09-18,16:00:00,48420.21,1097.6009516251,closed,22.93328211924335,2.0894007139196176,413.89904886706296,0,47362.78,48771.59,0.0046320201689576,0.87808076130008
584,short,2021-09-18,16:00:00,48420.21,2021-09-19,09:00:00,48250.04,2069.4952443353113,closed,5.608975905306805,0.27103110870439895,419.50802477236977,100000,48483.72,47623.03,0.008548063894540365,1.6555961954682492
585,long,2021-09-19,09:00:00,48250.04,2021-09-19,12:00:00,47344.16,1676.6120693140138,closed,-32.82612705173186,-1.9578844535672868,386.6818977206379,0,47300.37,48306.74,0.006949681572550048,1.341289655451211
586,short,2021-09-19,12:00:00,47344.16,2021-09-20,18:00:00,44040.82,1933.4094886031858,closed,133.34471874980093,6.8968689527916505,520.0266164704389,100000,47782.73,42635.48,0.008167467702893814,1.5467275908825486
587,long,2021-09-20,18:00:00,44040.82,2021-09-20,19:00:00,43416.21,856.6164638161041,closed,-12.8381670902247,-1.4987065545101126,507.18844938021414,0,43268.77,44067.78,0.0038901022452175237,0.6852931710528833
588,short,2021-09-20,19:00:00,43416.21,2021-09-20,20:00:00,43852.02,1608.1922069357413,closed,-17.436924425402342,-1.0842562443842927,489.75152495481177,100000,43930.02,42953.55,0.007408256994038593,1.286553765548593
589,long,2021-09-20,20:00:00,43852.02,2021-09-21,01:00:00,41673.94,754.9856151962799,closed,-38.106709367267186,-5.047342439413268,451.6448155875446,0,40382.01,43936.04,0.003443333352471699,0.603988492157024
590,short,2021-09-21,01:00:00,41673.94,2021-09-21,03:00:00,42874.08,1051.096398284119,closed,-31.115745554785686,-2.96031321252562,420.5290700327589,100000,43056.54,41577.52,0.0050443821644131515,0.8408771186272952
591,long,2021-09-21,03:00:00,42874.08,2021-09-21,18:00:00,41687.77,500.4107434123866,closed,-14.248843855377677,-2.8474296451375865,406.2802261773812,0,41508.97,43569.39,0.0023343276096531355,0.4003285947299093
592,short,2021-09-21,18:00:00,41687.77,2021-09-22,02:00:00,42180.0,1115.0587028866053,closed,-14.063496456068595,-1.2612337287410749,392.2167297213126,100000,42754.66,39660.24,0.0053495723224658235,0.8920469623092843
593,long,2021-09-22,02:00:00,42180.0,2021-09-23,10:00:00,43965.39,411.25174632315367,closed,17.076463397124275,4.1523138928402075,409.2931931184369,0,41813.74,44289.01,0.0019499845724189363,0.32900139705852294
594,short,2021-09-23,10:00:00,43965.39,2021-09-23,18:00:00,44801.59,1646.9799077368918,closed,-32.649820370154444,-1.9824055057853391,376.64337274828245,100000,44880.36,43380.01,0.007492165577227414,1.3175839261895135
595,long,2021-09-23,18:00:00,44801.59,2021-09-24,02:00:00,44446.3,735.0267751188977,closed,-6.420284701086089,-0.8734763029615548,370.22308804719637,0,44355.01,44952.51,0.0032812530765934777,0.5880214200951182
596,short,2021-09-24,02:00:00,44446.3,2021-09-24,21:00:00,42918.11,1682.4931731479362,closed,56.495327318156306,3.3578339704317397,426.71841536535266,100000,45034.16,40895.69,0.007570903193957365,1.345994538518349
597,long,2021-09-24,21:00:00,42918.11,2021-09-26,02:00:00,42372.53,678.5262740205281,closed,-9.171487794965051,-1.3516776204730396,417.5469275703876,0,41680.06,43120.01,0.0031619578495908985,0.5428210192164226
598,short,2021-09-26,02:00:00,42372.53,2021-09-26,10:00:00,43234.86,2055.405577019517,closed,-43.483907142816086,-2.1155876790930392,374.06302042757153,100000,43654.01,40752.21,0.009701594769155946,1.6443244616156136
599,long,2021-09-26,10:00:00,43234.86,2021-09-27,00:00:00,43150.0,650.1605808949017,closed,-1.7992504281250945,-0.27673939039007084,372.2637699994464,0,42714.69,43870.63,0.0030075757427913577,0.5201284647159214
600,short,2021-09-27,00:00:00,43150.0,2021-09-27,01:00:00,43851.2,1579.250956095319,closed,-26.934006109146296,-1.7054924681344081,345.3297638903001,100000,43921.38,42930.09,0.007319819031728014,1.2634007648762553
601,long,2021-09-27,01:00:00,43851.2,2021-09-27,08:00:00,43665.96,692.28467615169,closed,-3.4813934710625563,-0.5028846645017649,341.84837041923754,0,43649.99,44279.94,0.003157426369867598,0.553827740921352
602,short,2021-09-27,08:00:00,43665.96,2021-09-28,14:00:00,41983.96,1562.1483719697687,closed,58.9166244213836,3.771512711503423,400.76499484062117,100000,44063.0,41525.0,0.007154993830296042,1.249718697575815
603,long,2021-09-28,14:00:00,41983.96,2021-09-28,15:00:00,41523.52,849.4952921191074,closed,-10.000096523847706,-1.1771809233812207,390.76489831677344,0,41316.69,41983.96,0.004046761154112701,0.6795962336952859
604,short,2021-09-28,15:00:00,41523.52,2021-09-28,20:00:00,41583.23,1584.069141977266,closed,-3.552745134672804,-0.22427967571151583,387.2121531821006,100000,41713.4,41122.16,0.007629744019665319,1.267255313581813
605,long,2021-09-28,20:00:00,41583.23,2021-09-29,16:00:00,41694.15,824.657876629864,closed,1.5360175141827148,0.18626118269311512,388.74817069628335,0,40759.33,42520.0,0.003966300244737429,0.6597263013038912
606,short,2021-09-29,16:00:00,41694.15,2021-09-30,01:00:00,42305.62,1908.3675706206902,closed,-29.523216156636735,-1.5470403401916124,359.2249545396466,100000,42361.81,40917.39,0.009154126277286815,1.5266940564965523
607,long,2021-09-30,01:00:00,42305.62,2021-09-30,12:00:00,43055.44,858.7791384288167,closed,14.529820639280828,1.6919158825706837,373.75477517892745,0,42233.27,43766.28,0.00405988206025023,0.6870233107430535
608,short,2021-09-30,12:00:00,43055.44,2021-09-30,13:00:00,43393.8,1790.878966426373,closed,-15.515011538200516,-0.8663350136475219,358.23976364072695,100000,43706.39,42988.4,0.008318943977468924,1.4327031731410984
609,long,2021-09-30,13:00:00,43393.8,2021-09-30,14:00:00,43051.49,820.0847205084639,closed,-7.129048193456166,-0.869306306430884,351.11071544727076,0,43051.49,43528.79,0.0037797322221536896,0.6560677764067712
610,short,2021-09-30,14:00:00,43051.49,2021-09-30,19:00:00,43975.01,1584.0795734347382,closed,-35.255541034818705,-2.2256167951446146,315.8551744124521,100000,44006.16,42858.62,0.0073589999948189405,1.2672636587477906
611,long,2021-09-30,19:00:00,43975.01,2021-09-30,21:00:00,43417.83,703.0755716505263,closed,-9.473891338781746,-1.3474926054593286,306.3812830736703,0,43155.04,44089.39,0.003197614152449431,0.562460457320421
612,short,2021-09-30,21:00:00,43417.83,2021-09-30,22:00:00,43729.27,1291.9648904609214,closed,-10.306903593460012,-0.7977696351936406,296.0743794802103,100000,43734.96,43364.51,0.005951310281794007,1.0335719123687372
613,long,2021-09-30,22:00:00,43729.27,2021-10-01,02:00:00,43716.8,636.8486373174981,closed,-0.6939977054983988,-0.10897372858040824,295.3803817747119,0,43450.01,43985.93,0.0029126881711837318,0.5094789098539985
614,short,2021-10-01,02:00:00,43716.8,2021-10-01,08:00:00,44753.98,1379.4761723546962,closed,-33.837930013692485,-2.452955019580574,261.54245176101944,100000,44773.01,43283.79,0.006310965909465909,1.103580937883757
615,long,2021-10-01,08:00:00,44753.98,2021-10-02,00:00:00,48123.94,629.020595363876,closed,46.859016814097245,7.449520279537147,308.40146857511667,0,44713.84,48402.84,0.0028110152230656407,0.5032164762911009
616,short,2021-10-02,00:00:00,48123.94,2021-10-03,14:00:00,48041.83,1351.2715497827803,closed,1.2189326945039305,0.09020634636316265,309.6204012696206,100000,48317.11,47102.47,0.005615797666536781,1.0810172398262243
617,long,2021-10-03,14:00:00,48041.83,2021-10-03,15:00:00,47956.01,1215.9064870005354,closed,-3.1498336805089906,-0.259052296717256,306.47056758911157,0,47891.01,48089.1,0.005061865824014345,0.9727251896004284
618,short,2021-10-03,15:00:00,47956.01,2021-10-03,18:00:00,48922.0,1532.3528379455543,closed,-32.09884247898539,-2.0947422606676365,274.3717251101262,100000,49103.06,47800.0,0.006390660265295442,1.2258822703564434
619,long,2021-10-03,18:00:00,48922.0,2021-10-03,22:00:00,47760.27,908.5230076106478,closed,-22.304843389389344,-2.4550664322799625,252.06688172073686,0,47653.55,49133.23,0.0037141695254104407,0.7268184060885183
620,short,2021-10-03,22:00:00,47760.27,2021-10-04,14:00:00,48101.09,1260.3344086036805,closed,-10.007363219223603,-0.7940244391415705,242.05951850151325,100000,48246.1,47285.58,0.005277752444044728,1.0082675268829444
621,long,2021-10-04,14:00:00,48101.09,2021-10-04,15:00:00,47452.16,756.3139476741355,closed,-10.811598927715973,-1.4295120380847777,231.24791957379728,0,47287.51,48387.61,0.003144685277086801,0.6050511581393084
622,short,2021-10-04,15:00:00,47452.16,2021-10-04,16:00:00,47747.79,1156.2395978689824,closed,-8.133311810351936,-0.703427890321531,223.11460776344535,100000,47747.79,46976.74,0.004873285422071334,0.9249916782951859
623,long,2021-10-04,16:00:00,47747.79,2021-10-05,06:00:00,49293.7,555.1560074539483,closed,17.527601053634534,3.1572388334622308,240.64220881707988,0,47718.0,49728.57,0.0023253683885848886,0.4441248059631587
624,short,2021-10-05,06:00:00,49293.7,2021-10-05,09:00:00,49901.49,1174.3978829334621,closed,-15.4245776312649,-1.3134030515055695,225.21763118581498,100000,49901.49,49237.68,0.004764900516428924,0.9395183063467698
625,long,2021-10-05,09:00:00,49901.49,2021-10-05,15:00:00,49814.12,574.7078645702356,closed,-1.4682966521807512,-0.2554857420088966,223.74933453363423,0,49633.86,50295.48,0.002303369556982109,0.45976629165618854
626,short,2021-10-05,15:00:00,49814.12,2021-10-05,19:00:00,50580.01,1081.2766774939691,closed,-17.493946029641048,-1.6178972869539787,206.25538850399317,100000,50626.77,49697.96,0.004341245725083447,0.8650213419951753
627,long,2021-10-05,19:00:00,50580.01,2021-10-06,05:00:00,51300.86,516.2320715365623,closed,6.9421461893801695,1.3447723557191835,213.19753469337334,0,50542.84,51830.51,0.002041249385030024,0.4129856572292499
628,short,2021-10-06,05:00:00,51300.86,2021-10-06,13:00:00,52706.47,1065.9876734668626,closed,-30.064310788455597,-2.820324431208367,183.13322390491774,100000,52777.14,50453.35,0.004155827693597583,0.8527901387734901
629,long,2021-10-06,13:00:00,52706.47,2021-10-07,01:00:00,54845.91,407.85866873198205,closed,16.22780174707197,3.9787806392649747,199.3610256519897,0,52604.07,55972.86,0.0015476607283014098,0.32628693498558564
630,short,2021-10-07,01:00:00,54845.91,2021-10-08,08:00:00,54851.88,788.2645631311527,closed,-0.7192890442160375,-0.09124969938504783,198.64173660777368,100000,55280.0,53492.96,0.002874469812356665,0.6306116505049222
631,long,2021-10-08,08:00:00,54851.88,2021-10-08,14:00:00,54207.97,492.32384955968104,closed,-6.175077786096536,-1.254271510839731,192.46665882167716,0,54184.67,56027.94,0.001795102919205982,0.39385907964774486
632,short,2021-10-08,14:00:00,54207.97,2021-10-09,05:00:00,54714.83,806.736448013033,closed,-8.191581781552172,-1.0153975070455517,184.27507704012498,100000,54759.95,53746.67,0.002976449581170566,0.6453891584104264
633,long,2021-10-09,05:00:00,54714.83,2021-10-09,18:00:00,54947.56,472.3370213438292,closed,1.6294934245916781,0.34498532847492336,185.90457046471667,0,54439.63,55436.2,0.0017265411273098324,0.37786961707506334
634,short,2021-10-09,18:00:00,54947.56,2021-10-10,05:00:00,55919.84,929.5228523235792,closed,-17.194619626188498,-1.8498329097779753,168.7099508385282,100000,55932.07,54125.4,0.003383308930637063,0.7436182818588634
635,long,2021-10-10,05:00:00,55919.84,2021-10-10,11:00:00,55052.97,459.90652082342206,closed,-7.49904624651795,-1.6305587998821085,161.21090459201022,0,54853.45,56035.71,0.0016448778137541954,0.3679252166587377
636,short,2021-10-10,11:00:00,55052.97,2021-10-10,20:00:00,55475.46,806.054522960047,closed,-6.833632094448086,-0.8477878232545819,154.37727249756213,100000,55533.98,54835.9,0.002928287149485476,0.6448436183680377
637,long,2021-10-10,20:00:00,55475.46,2021-10-10,22:00:00,54832.87,440.98571197972933,closed,-5.462456985194012,-1.2386925101657498,148.9148155123681,0,54538.89,56423.39,0.0015898406682152049,0.35278856958378346
638,short,2021-10-10,22:00:00,54832.87,2021-10-11,03:00:00,55844.37,688.0195659003755,closed,-13.244797595912583,-1.9250611831917606,135.67001791645552,100000,55844.37,54495.0,0.00250951506240828,0.5504156527203005
639,long,2021-10-11,03:00:00,55844.37,2021-10-11,22:00:00,57184.6,319.2982279262138,closed,7.406375927661792,2.3195794025431677,143.07639384411732,0,55702.32,57771.52,0.001143528803086914,0.25543858234097105
640,short,2021-10-11,22:00:00,57184.6,2021-10-13,01:00:00,56470.0,715.3819692205827,closed,8.364871196187613,1.1692873955575425,151.44126504030493,100000,57642.37,54256.57,0.0025020091745700163,0.5723055753764662
641,long,2021-10-13,01:00:00,56470.0,2021-10-13,06:00:00,55023.16,316.618430786068,closed,-8.366621007860141,-2.64249335930582,143.07464403244478,0,55023.16,56541.16,0.0011213686232904834,0.25329474462885443
642,short,2021-10-13,06:00:00,55023.16,2021-10-13,15:00:00,55773.72,621.3769631024804,closed,-8.975439943247501,-1.444443627010876,134.0992040891973,100000,55838.96,54354.82,0.002258601516534057,0.4971015704819844
643,long,2021-10-13,15:00:00,55773.72,2021-10-14,08:00:00,57416.57,263.5094707511464,closed,7.550084688239411,2.865204300520028,141.6492887774367,0,55773.72,58528.42,0.0009449234182376447,0.21080757660091715
644,short,2021-10-14,08:00:00,57416.57,2021-10-15,03:00:00,59117.92,691.157192881989,closed,-21.035488915921608,-3.043517326095931,120.6137998615151,100000,59357.57,56921.39,0.0024075182229868104,0.5529257543055912
645,long,2021-10-15,03:00:00,59117.92,2021-10-16,01:00:00,61482.67,261.3166969006921,closed,10.242877218800999,3.9197178520489215,130.8566770803161,0,58848.17,62912.04,0.0008840524054320319,0.20905335752055368
646,short,2021-10-16,01:00:00,61482.67,2021-10-17,04:00:00,61175.2,484.7970521642879,closed,2.035017289886232,0.4197668448686454,132.89169437020234,100000,62382.68,60246.84,0.0015770201657289377,0.3878376417314303
647,long,2021-10-17,04:00:00,61175.2,2021-10-17,06:00:00,60718.0,364.16820025133376,closed,-3.0141786995738684,-0.8276886058402704,129.87751567062847,0,60710.01,61306.5,0.0011905746127559332,0.291334560201067
648,short,2021-10-17,06:00:00,60718.0,2021-10-17,10:00:00,61264.83,649.3875783531381,closed,-6.370073108015331,-0.9809354721828809,123.50744256261314,100000,61286.0,60389.57,0.0021390282234366683,0.5195100626825105
649,long,2021-10-17,10:00:00,61264.83,2021-10-17,20:00:00,60563.24,357.7736890009959,closed,-4.384524572941856,-1.2255022400290736,119.12291798967128,0,60445.0,61480.4,0.0011679578283364073,0.2862189512007967
650,short,2021-10-17,20:00:00,60563.24,2021-10-18,00:00:00,61571.45,595.6145899483527,closed,-10.39378983252304,-1.7450529264946841,108.72912815714824,100000,61675.67,59040.29,0.001966917852969401,0.47649167195868214
651,long,2021-10-18,00:00:00,61571.45,2021-10-18,10:00:00,61295.23,263.3693277201624,closed,-1.3930705657087847,-0.5289418391153593,107.33605759143946,0,61011.49,62698.76,0.0008554917180614146,0.21069546217612994
652,short,2021-10-18,10:00:00,61295.23,2021-10-18,17:00:00,61856.12,470.2838695397811,closed,-4.681155494792339,-0.9953893378000204,102.65490209664712,100000,62363.15,60078.39,0.0015344876576522549,0.3762270956318249
653,long,2021-10-18,17:00:00,61856.12,2021-10-18,18:00:00,61760.74,196.4767138377696,closed,-0.4607769459076761,-0.2345198761254418,102.19412515073944,0,61760.74,62099.99,0.0006352700875443517,0.15718137107021568
654,short,2021-10-18,18:00:00,61760.74,2021-10-18,23:00:00,62091.45,406.3240330513397,closed,-2.502116783993304,-0.6157934506613734,99.69200836674614,100000,62091.45,61150.85,0.0013158004034645302,0.32505922644107177
655,long,2021-10-18,23:00:00,62091.45,2021-10-19,03:00:00,61782.9,215.11406440140578,closed,-1.241746854409012,-0.5772504265885169,98.45026151233712,0,61734.9,62320.0,0.0006928943176601797,0.17209125152112464
656,short,2021-10-19,03:00:00,61782.9,2021-10-19,04:00:00,62634.99,485.12600040532334,closed,-7.080373886978517,-1.4594917363865998,91.3698876253586,100000,63022.9,61773.89,0.0015704215904573057,0.3881008003242587
657,long,2021-10-19,04:00:00,62634.99,2021-10-19,11:00:00,62289.99,211.31997901991684,closed,-1.3337030400395284,-0.6311296481407597,90.03618458531908,0,61837.65,62846.07,0.000674766545088989,0.1690559832159335
658,short,2021-10-19,11:00:00,62289.99,2021-10-19,14:00:00,62637.36,450.1809229265915,closed,-2.872095428678462,-0.6379869253470785,87.16408915664061,100000,63218.58,62084.69,0.0014454358490877638,0.3601447383412732
659,long,2021-10-19,14:00:00,62637.36,2021-10-19,16:00:00,62427.11,215.32788969285664,closed,-0.8957243859199538,-0.41598159309396177,86.26836477072067,0,61400.0,62780.93,0.0006875382030559929,0.17226231175428533
660,short,2021-10-19,16:00:00,62427.11,2021-10-19,17:00:00,63207.77,398.70064980112176,closed,-5.306046889908363,-1.3308347735462944,80.96231788081231,100000,63207.77,62363.08,0.0012773317547492484,0.3189605198408974
661,long,2021-10-19,17:00:00,63207.77,2021-10-20,03:00:00,63824.34,185.51898880101695,closed,1.6606715577447038,0.8951490995489949,82.62298943855701,0,63097.77,64446.01,0.0005870132384072939,0.14841519104081358
662,short,2021-10-20,03:00:00,63824.34,2021-10-20,14:00:00,66140.27,413.1149471927813,closed,-15.322075460875757,-3.7089133581326617,67.30091397768126,100000,66140.27,63620.3,0.001294537310351447,0.3304919577542251
663,long,2021-10-20,14:00:00,66140.27,2021-10-20,22:00:00,65903.77,179.93684171767396,closed,-0.7878998297088415,-0.4378757691796541,66.51301414797243,0,65730.0,67049.75,0.0005441067649638381,0.1439494733741392
664,short,2021-10-20,22:00:00,65903.77,2021-10-22,03:00:00,62884.5,332.56507073985847,closed,14.968846161197257,4.50102776214472,81.48186030916969,100000,66684.27,62105.55,0.0010092444506281156,0.2660520565918868
665,long,2021-10-22,03:00:00,62884.5,2021-10-22,15:00:00,61630.01,150.5594969825102,closed,-3.124454869155082,-2.075229349044674,78.3574054400146,0,61285.07,63728.05,0.0004788445387416938,0.12044759758600818
666,short,2021-10-22,15:00:00,61630.01,2021-10-23,01:00:00,61204.01,310.3036621871233,closed,1.8956363160800052,0.6108971781766708,80.2530417560946,100000,61744.03,60172.37,0.0010069888425691422,0.24824292974969864
667,long,2021-10-23,01:00:00,61204.01,2021-10-24,07:00:00,60761.08,160.55821311265723,closed,-1.2909220516981685,-0.8040211875006236,78.96211970439643,0,59800.0,61749.95,0.0005246656652485915,0.12844657049012578
668,short,2021-10-24,07:00:00,60761.08,2021-10-24,20:00:00,60688.24,394.8105985219787,closed,0.15614842901614923,0.0395502120765526,79.11826813341258,100000,61320.27,59613.43,0.0012995509576919262,0.315848478817583
669,long,2021-10-24,20:00:00,60688.24,2021-10-25,19:00:00,63187.77,197.2973277821004,closed,7.967478183282262,4.038310236052322,87.08574631669485,0,60624.99,63758.27,0.0006501995371165828,0.15783786222568033
670,short,2021-10-25,19:00:00,63187.77,2021-10-27,06:00:00,60995.62,435.42873158347055,closed,14.756447201099759,3.3889466015338003,101.84219351779461,100000,63321.6,59940.24,0.0013782057242516096,0.3483429852667765
671,long,2021-10-27,06:00:00,60995.62,2021-10-27,08:00:00,59999.0,264.81502407267794,closed,-4.539587556598816,-1.7142484919409011,97.3026059611958,0,59972.04,61046.52,0.0008683083279510166,0.21185201925814237
672,short,2021-10-27,08:00:00,59999.0,2021-10-27,18:00:00,58934.49,479.7151766216868,closed,8.12579734536457,1.6938795646594147,105.42840330656037,100000,59999.0,58012.43,0.0015990772400262896,0.38377214129734943
673,long,2021-10-27,18:00:00,58934.49,2021-10-28,19:00:00,60171.76,233.38726750836906,closed,4.712227752375555,2.019059481128969,110.14063105893592,0,57774.21,61805.64,0.0007920226933612867,0.18670981400669526
674,short,2021-10-28,19:00:00,60171.76,2021-10-28,20:00:00,61347.52,410.84766305282113,closed,-8.358033061120592,-2.034338713044117,101.78259799781533,100000,61357.8,59635.01,0.0013655830012378604,0.3286781304422569
675,long,2021-10-28,20:00:00,61347.52,2021-10-28,22:00:00,60762.49,175.46949749053218,closed,-1.8142821229242232,-1.0339586930327402,99.9683158748911,0,60558.78,62497.05,0.0005720508261476005,0.14037559799242574
676,short,2021-10-28,22:00:00,60762.49,2021-10-29,03:00:00,61636.55,317.1601611046307,closed,-4.817077037846059,-1.5188152954232208,95.15123883704504,100000,62052.65,60349.77,0.0010439340491300824,0.25372812888370455
677,long,2021-10-29,03:00:00,61636.55,2021-10-29,06:00:00,61032.54,167.0839562676265,closed,-1.7715556778601793,-1.060278746944795,93.37968315918486,0,60739.59,61884.44,0.0005421586908015665,0.1336671650141012
678,short,2021-10-29,06:00:00,61032.54,2021-10-29,16:00:00,62346.25,352.8242012106948,closed,-7.8778673139186335,-2.232802423100856,85.50181584526624,100000,62522.74,60466.51,0.001156183901933935,0.28225936096855586
679,long,2021-10-29,16:00:00,62346.25,2021-10-30,01:00:00,61966.11,176.46348554594272,closed,-1.2176769470676863,-0.6900447099865661,84.28413889819855,0,61938.0,63012.36,0.0005660756999689403,0.14117078843675418
680,short,2021-10-30,01:00:00,61966.11,2021-10-30,20:00:00,61774.37,418.34876062813777,closed,0.9584556034767258,0.2291044443486899,85.24259450167527,100000,62223.0,60927.55,0.0013502501952378093,0.33467900850251026
681,long,2021-10-30,20:00:00,61774.37,2021-10-31,05:00:00,61463.12,255.2742880563231,closed,-1.4912447293698687,-0.5841734946062582,83.7513497723054,0,61281.55,62428.62,0.0008264731410658598,0.20421943044505847
682,short,2021-10-31,05:00:00,61463.12,2021-10-31,19:00:00,60763.08,418.75674886152365,closed,4.433101444872642,1.0586340296424928,88.18445121717805,100000,61521.82,60070.22,0.0013626276988917049,0.33500539908921895
683,long,2021-10-31,19:00:00,60763.08,2021-11-01,04:00:00,59934.99,269.3747770173382,closed,-3.88747356053053,-1.4431468319249185,84.29697765664753,0,59934.99,61780.01,0.0008866396404439611,0.21549982161387057
684,short,2021-11-01,04:00:00,59934.99,2021-11-01,08:00:00,62257.67,421.4848882832341,closed,-16.672534213268147,-3.9556659507242764,67.62444344337938,100000,62394.51,59723.51,0.0014064735416932051,0.3371879106265873
685,long,2021-11-01,08:00:00,62257.67,2021-11-01,17:00:00,61119.18,148.27175471793055,closed,-2.830501166526148,-1.9089955277799477,64.79394227685323,0,61119.18,62498.77,0.00047631642725444294,0.11861740377434445
686,short,2021-11-01,17:00:00,61119.18,2021-11-02,05:00:00,61472.67,322.10771822420094,closed,-2.1216882580287293,-0.6586890465480688,62.6722540188245,100000,61557.71,60439.65,0.0010540315436961063,0.25768617457936077
687,long,2021-11-02,05:00:00,61472.67,2021-11-02,21:00:00,63197.37,160.47269296407103,closed,4.373381066702779,2.7253116937982433,67.04563508552728,0,61345.19,64254.32,0.0005220944298143258,0.12837815437125683
688,short,2021-11-02,21:00:00,63197.37,2021-11-03,20:00:00,62859.51,335.228175427633,closed,1.522922781206793,0.45429438598473415,68.56855786673407,100000,63560.43,61150.0,0.0010608928043291455,0.2681825403421064
689,long,2021-11-03,20:00:00,62859.51,2021-11-04,02:00:00,62400.0,149.2212825757357,closed,-1.210675953031094,-0.8113292769860949,67.35788191370297,0,62377.38,63270.01,0.00047477711033934466,0.11937702606058856
690,short,2021-11-04,02:00:00,62400.0,2021-11-04,22:00:00,61383.14,336.7894095685114,closed,5.217753105869598,1.5492628205128212,72.57563501957256,100000,62863.51,60785.44,0.001079453235796511,0.26943152765480916
691,long,2021-11-04,22:00:00,61383.14,2021-11-05,12:00:00,61311.01,191.18677585026347,closed,-0.3782317945901974,-0.1978336592100003,72.19740322498237,0,60906.82,62588.49,0.0006229292794414345,0.15294942068021078
692,short,2021-11-05,12:00:00,61311.01,2021-11-06,01:00:00,61241.0,360.9870161249083,closed,0.12223776367861255,0.033862094263333836,72.31964098866098,100000,61956.22,60808.92,0.0011775601678227395,0.28878961289992666
693,long,2021-11-06,01:00:00,61241.0,2021-11-06,11:00:00,60566.45,241.07840715543537,closed,-2.849051475550947,-1.1817945494031823,69.47058951311003,0,60534.32,61587.45,0.0007873104853135494,0.19286272572434832
694,short,2021-11-06,11:00:00,60566.45,2021-11-06,18:00:00,60752.76,347.3529475655468,closed,-1.3475306245506695,-0.387942763691788,68.12305888855936,100000,60907.88,60128.41,0.001147014386894219,0.27788235805243744
695,long,2021-11-06,18:00:00,60752.76,2021-11-07,11:00:00,61977.18,237.4695009082314,closed,4.595237653813202,1.9350854051733586,72.71829654237256,0,60731.39,62390.18,0.0007817570787178439,0.18997560072658512
696,short,2021-11-07,11:00:00,61977.18,2021-11-07,18:00:00,62489.79,363.5914827118596,closed,-3.2992925471257126,-0.9074174462277899,69.41900399524684,100000,62489.79,61676.27,0.0011733076035788,0.2908731861694877
697,long,2021-11-07,18:00:00,62489.79,2021-11-08,13:00:00,65857.68,285.1504460527813,closed,15.139162933235864,5.30918437715984,84.5581669284827,0,62163.0,66399.29,0.0009126305146897799,0.22812035684222506
698,short,2021-11-08,13:00:00,65857.68,2021-11-09,00:00:00,67606.96,422.7908346424104,closed,-11.569483288601422,-2.7364555568917908,72.98868363988129,100000,67911.98,65257.65,0.0012839530169978975,0.33823266771392835
699,long,2021-11-09,00:00:00,67606.96,2021-11-09,08:00:00,67895.48,205.11823108949855,closed,0.710662812705841,0.3464649675122051,73.69934645258712,0,67300.0,68595.1,0.0006067961969877023,0.16409458487159884
700,short,2021-11-09,08:00:00,67895.48,2021-11-10,14:00:00,68036.3,368.4967322629325,closed,-1.0601710039616767,-0.2877016025220044,72.63917544862545,100000,68284.59,66336.97,0.001085482368672944,0.294797385810346
701,long,2021-11-10,14:00:00,68036.3,2021-11-10,21:00:00,65891.13,190.1659687553782,closed,-6.148584145650933,-3.23327259124908,66.49059130297452,0,65391.81,69154.88,0.0005590132583793598,0.15213277500430256
702,short,2021-11-10,21:00:00,65891.13,2021-11-11,09:00:00,65399.99,268.5920735734685,closed,1.786345512828832,0.6650775240916443,68.27693681580335,100000,66178.16,62691.21,0.0008152601831945165,0.2148736588587748
703,long,2021-11-11,09:00:00,65399.99,2021-11-12,07:00:00,64562.01,133.533137321305,closed,-1.818215227805944,-1.36162099107354,66.4587215879974,0,64261.11,65634.35,0.00040835828054807045,0.10682650985704399
704,short,2021-11-12,07:00:00,64562.01,2021-11-12,09:00:00,64919.19,332.2936079399838,closed,-2.1052306797232205,-0.6335453434612712,64.35349090827418,100000,64970.0,64287.53,0.001029378137204786,0.26583488635198704
705,long,2021-11-12,09:00:00,64919.19,2021-11-12,10:00:00,63867.68,185.19186456440383,closed,-3.1483162460085867,-1.7000294550810047,61.2051746622656,0,63867.38,64919.19,0.0005705304227129262,0.14815349165152308
706,short,2021-11-12,10:00:00,63867.68,2021-11-12,20:00:00,63892.78,306.02587331132486,closed,-0.36604718745804865,-0.11961315018801146,60.83912747480755,100000,64258.0,62364.06,0.0009583121644979898,0.2448206986490599
707,long,2021-11-12,20:00:00,63892.78,2021-11-13,13:00:00,63584.99,147.2066014962105,closed,-0.8273628475388619,-0.5620419458974878,60.01176462726868,0,63442.58,64510.15,0.0004607926012804906,0.11776528119696841
708,short,2021-11-13,13:00:00,63584.99,2021-11-13,15:00:00,64759.78,300.0588231363403,closed,-5.784848065743151,-1.9279046705834209,54.226916561525535,100000,64828.62,63527.11,0.0009438039484989786,0.24004705850907226
709,long,2021-11-13,15:00:00,64759.78,2021-11-14,09:00:00,64341.07,170.24247026337113,closed,-1.2374372666917435,-0.7268675464925903,52.98947929483379,0,63953.44,65348.68,0.0005257660549908327,0.1361939762106969
710,short,2021-11-14,09:00:00,64341.07,2021-11-14,23:00:00,64566.18,264.9473964741659,closed,-1.1397525264327142,-0.43018068552481425,51.84972676840108,100000,64826.32,63685.61,0.0008235716206589846,0.2119579171793327
711,long,2021-11-14,23:00:00,64566.18,2021-11-15,13:00:00,65728.9,181.76537537704806,closed,3.127289974841862,1.7205091829809254,54.97701674324294,0,64446.46,66354.62,0.0005630358660743071,0.14541230030163846
712,short,2021-11-15,13:00:00,65728.9,2021-11-16,14:00:00,60570.01,274.8850837162116,closed,21.35426908365608,7.768435011083394,76.33128582689902,100000,65836.06,58638.4,0.0008364207638229505,0.2199080669729693
713,long,2021-11-16,14:00:00,60570.01,2021-11-17,04:00:00,59079.0,140.40605126612425,closed,-3.569067009431848,-2.541960960547971,72.76221881746717,0,58689.03,61358.24,0.0004636157440493216,0.11232484101289941
714,short,2021-11-17,04:00:00,59079.0,2021-11-17,05:00:00,59452.1,249.63409126143088,closed,-1.7770597378086808,-0.7118658068010606,70.98515907965849,100000,59452.1,58735.07,0.000845085703080387,0.1997072730091447
715,long,2021-11-17,05:00:00,59452.1,2021-11-18,05:00:00,59709.68,121.76111768671416,closed,0.42971927239490043,0.35291994731893694,71.41487835205339,0,58552.92,60978.22,0.00040961082177657027,0.09740889414937133
716,short,2021-11-18,05:00:00,59709.68,2021-11-19,09:00:00,57043.71,311.5672098262533,closed,13.660827829269172,4.384552481272721,85.07570618132256,100000,60023.5,55686.56,0.001043607032649491,0.24925376786100265
717,long,2021-11-19,09:00:00,57043.71,2021-11-20,10:00:00,58523.78,154.10174933185664,closed,3.8745398464481244,2.514273759543339,88.95024602777069,0,56533.94,58960.76,0.0005402935725318589,0.12328139946548532
718,short,2021-11-20,10:00:00,58523.78,2021-11-20,19:00:00,59451.04,444.75123013885036,closed,-7.404029514540575,-1.664757512245453,81.54621651323012,100000,59606.94,57475.17,0.0015198991935888298,0.3558009841110803
719,long,2021-11-20,19:00:00,59451.04,2021-11-21,04:00:00,58713.53,217.0410901464833,closed,-2.8668302091522095,-1.3208697980725013,78.67938630407791,0,58615.32,59850.0,0.0007301506925580555,0.17363287211718664
720,short,2021-11-21,04:00:00,58713.53,2021-11-21,17:00:00,59857.52,393.3969315203864,closed,-7.981107814653526,-2.0287671751298175,70.69827848942438,100000,59914.44,58541.96,0.0013400554574742362,0.3147175452163091
721,long,2021-11-21,17:00:00,59857.52,2021-11-21,23:00:00,59135.61,218.7749124020174,closed,-2.81427982566437,-1.2863814204130009,67.88399866376001,0,58966.0,60009.93,0.0007309855550380886,0.17501992992161394
722,short,2021-11-21,23:00:00,59135.61,2021-11-22,14:00:00,58880.96,339.41999331879714,closed,1.1889277986493423,0.3502821937577062,69.07292646240936,100000,59319.63,56635.53,0.0011479377428212786,0.27153599465503775
723,long,2021-11-22,14:00:00,58880.96,2021-11-22,19:00:00,56457.77,138.4269373087521,closed,-5.808040907816998,-4.195744716118763,63.26488555459236,0,56451.06,58971.21,0.0004701925284803512,0.11074154984700167
724,short,2021-11-22,19:00:00,56457.77,2021-11-23,02:00:00,56873.48,244.22582065247795,closed,-1.9945300219250737,-0.8166745091065525,61.27035553266729,100000,56999.99,55669.28,0.0008651628310947384,0.19538065652198236
725,long,2021-11-23,02:00:00,56873.48,2021-11-24,02:00:00,57077.44,118.55476210687794,closed,0.32990105078193066,0.2782689154945312,61.600256583449216,0,55467.76,57867.79,0.00041690700870380336,0.09484380968550236
726,short,2021-11-24,02:00:00,57077.44,2021-11-24,17:00:00,56641.38,292.62641001614753,closed,2.0004795937160083,0.6836292027112724,63.600736177165224,100000,57305.79,55936.3,0.001025366274367412,0.23410112801291805
727,long,2021-11-24,17:00:00,56641.38,2021-11-25,07:00:00,57300.0,156.40774572839157,closed,1.6930143208709223,1.0824363671930357,65.29375049803615,0,56525.88,58323.68,0.0005522737819184194,0.12512619658271326
728,short,2021-11-25,07:00:00,57300.0,2021-11-25,08:00:00,57676.05,326.4687524901776,closed,-2.404872525978709,-0.7366317626527101,62.888877972057436,100000,57713.73,57300.0,0.0011395069894945117,0.2611750019921421
729,long,2021-11-25,08:00:00,57676.05,2021-11-25,22:00:00,58858.8,180.83145776575304,closed,3.5629784810359735,1.9703311166420028,66.45185645309341,0,57385.92,59410.0,0.0006270590921734517,0.14466516621260245
730,short,2021-11-25,22:00:00,58858.8,2021-11-26,21:00:00,54541.02,332.259282265464,closed,24.107031162873156,7.255487641610099,90.55888761596657,100000,59310.01,53609.14,0.0011290046085392974,0.2658074258123712
731,long,2021-11-26,21:00:00,54541.02,2021-11-28,02:00:00,54262.16,202.85361489046437,closed,-1.2001866526291978,-0.5916515972748462,89.35870096333737,0,53550.52,55290.56,0.0007438570635109662,0.1622828919123715
732,short,2021-11-28,02:00:00,54262.16,2021-11-28,08:00:00,54533.56,446.7935048166837,closed,-2.5937835947641528,-0.5805329680941455,86.76491736857322,100000,54653.65,53780.01,0.0016467958695956216,0.35743480385334697
733,long,2021-11-28,08:00:00,54533.56,2021-11-28,17:00:00,54213.61,248.06283373049868,closed,-1.6547519685204521,-0.6670696869964059,85.11016540005276,0,54018.51,54928.42,0.0009097621124698213,0.19845026698439897
734,short,2021-11-28,17:00:00,54213.61,2021-11-28,20:00:00,54644.88,425.5508270002606,closed,-3.7272731438090316,-0.875870262098386,81.38289225624374,100000,54890.32,53512.76,0.0015699040407021803,0.34044066160020847
735,long,2021-11-28,20:00:00,54644.88,2021-11-29,10:00:00,56917.76,216.49620575935438,closed,8.83087801744336,4.078998976665344,90.21377027368709,0,54644.88,58266.59,0.000792375079822133,0.17319696460748352
736,short,2021-11-29,10:00:00,56917.76,2021-11-29,18:00:00,58656.01,451.06885136843204,closed,-14.137937043938166,-3.1343190736951,76.07583322974892,100000,58775.06,56863.51,0.0015849845509325455,0.3608550810947456
737,long,2021-11-29,18:00:00,58656.01,2021-11-29,23:00:00,58112.43,196.14470016537268,closed,-1.9753068347370435,-1.0070661267276817,74.10052639501188,0,57826.17,58867.25,0.000668796599582456,0.15691576013229816
738,short,2021-11-29,23:00:00,58112.43,2021-11-30,13:00:00,57857.9,370.50263197505603,closed,1.3251087207649483,0.3576516349428149,75.42563511577683,100000,58282.73,55964.46,0.0012751235216804943,0.2964021055800448
739,long,2021-11-30,13:00:00,57857.9,2021-11-30,17:00:00,56814.87,170.97331741929742,closed,-3.2195814160704863,-1.8830899842545248,72.20605369970635,0,56696.81,59160.45,0.0005910111408098027,0.13677865393543795
740,short,2021-11-30,17:00:00,56814.87,2021-11-30,19:00:00,58366.0,266.8928228794978,closed,-7.501022667944431,-2.810499955381395,64.70503103176192,100000,58366.0,56554.56,0.0009395174991318218,0.21351425830359827
741,long,2021-11-30,19:00:00,58366.0,2021-11-30,22:00:00,57135.99,114.830068206099,closed,-2.512196066486636,-2.187751087962173,62.19283496527528,0,56894.66,58366.0,0.0003934827406575712,0.0918640545648792
742,short,2021-11-30,22:00:00,57135.99,2021-12-01,13:00:00,57127.58,215.46467044114425,closed,-0.14141112913632603,-0.06563077317817331,62.05142383613896,100000,57824.56,56704.08,0.0007542169845701257,0.17237173635291542
743,long,2021-12-01,13:00:00,57127.58,2021-12-01,21:00:00,56835.21,140.509949519953,closed,-0.8320077734196107,-0.5921344191369609,61.21941606271935,0,56731.61,59080.44,0.0004919163371525733,0.11240795961596241
744,short,2021-12-01,21:00:00,56835.21,2021-12-02,15:00:00,57105.48,252.58642313902035,closed,-1.4040889756229622,-0.5558845792951308,59.815327087096385,100000,57366.84,55815.86,0.0008888378283075592,0.2020691385112163
745,long,2021-12-02,15:00:00,57105.48,2021-12-02,17:00:00,56374.21,143.23620708330697,closed,-1.9493163577702952,-1.3609103434556613,57.86601072932609,0,56068.81,57331.31,0.0005016548572336909,0.11458896566664557
746,short,2021-12-02,17:00:00,56374.21,2021-12-02,18:00:00,56613.3,251.47437849193247,closed,-1.2686056189082633,-0.5044671455263031,56.59740511041783,100000,56654.57,56327.78,0.0008921610732706763,0.201179502793546
747,long,2021-12-02,18:00:00,56613.3,2021-12-03,03:00:00,56295.79,127.00753337410612,closed,-0.8143636901509387,-0.6411932178481063,55.78304142026689,0,56119.83,57215.01,0.00044868443766431606,0.1016060266992849
748,short,2021-12-03,03:00:00,56295.79,2021-12-03,06:00:00,56762.79,278.91520710133136,closed,-2.5378556069497993,-0.9099022005020267,53.24518581331709,100000,57060.94,56132.79,0.0009908918841047664,0.2231321656810651
749,long,2021-12-03,06:00:00,56762.79,2021-12-03,15:00:00,56293.21,141.64840750321892,closed,-1.2856287706086,-0.9076196430795627,51.9595570427085,0,56232.29,57529.99,0.0004990889542364599,0.11331872600257514
750,short,2021-12-03,15:00:00,56293.21,2021-12-04,15:00:00,47784.34,259.79778521353944,closed,39.06037229158613,15.034913503777817,91.01992933429463,100000,56357.73,42286.09,0.0009230164178363233,0.20783822817083156
751,long,2021-12-04,15:00:00,47784.34,2021-12-05,16:00:00,47954.99,86.65343336656329,closed,0.23977596048426483,0.2767068206864455,91.2597052947789,0,47734.71,49663.15,0.0003626854880346294,0.06932274669325064
752,short,2021-12-05,16:00:00,47954.99,2021-12-05,18:00:00,49251.02,301.9955797688216,closed,-8.40457867617167,-2.7830138052369504,82.85512661860723,100000,49300.65,47939.05,0.0012594959555567485,0.24159646381505728
753,long,2021-12-05,18:00:00,49251.02,2021-12-06,06:00:00,48666.74,134.87832268473684,closed,-1.7085534069601966,-1.266736843216646,81.14657321164704,0,48303.14,49489.66,0.0005477178855777478,0.10790265814778947
754,short,2021-12-06,06:00:00,48666.74,2021-12-06,14:00:00,48315.03,315.313796400398,closed,2.0251966113702857,0.6422797335510846,83.17176982301733,100000,49291.31,47250.79,0.0012958081696057638,0.25225103712031843
755,long,2021-12-06,14:00:00,48315.03,2021-12-07,13:00:00,50906.25,131.08009895723535,closed,6.924649469727301,5.28276185692113,90.09641929274463,0,47843.74,51522.99,0.0005426058887151073,0.10486407916578828
756,short,2021-12-07,13:00:00,50906.25,2021-12-08,16:00:00,50626.17,390.7351803110887,closed,1.8356542084183984,0.4697949662369586,91.93207350116303,100000,51864.31,48694.5,0.0015351167305039702,0.312588144248871
757,long,2021-12-08,16:00:00,50626.17,2021-12-09,03:00:00,49867.61,178.12628265348042,closed,-2.812169662445745,-1.5787505473947516,89.11990383871729,0,49671.0,50808.72,0.0007036925078609756,0.14250102612278434
758,short,2021-12-09,03:00:00,49867.61,2021-12-10,02:00:00,48391.55,389.21061431242356,closed,11.207538816101646,2.879556313206102,100.32744265481894,100000,50171.7,47335.33,0.00156097560846579,0.3113684914499389
759,long,2021-12-10,02:00:00,48391.55,2021-12-10,17:00:00,47520.58,178.7476255112407,closed,-3.360906369861568,-1.8802523167784482,96.96653628495737,0,47379.99,49944.83,0.0007387555286459752,0.14299810040899258
760,short,2021-12-10,17:00:00,47520.58,2021-12-10,21:00:00,48432.47,317.8645648835422,closed,-6.355250246785722,-1.99935788662512,90.61128603817164,100000,48432.47,47318.09,0.0013377974969309811,0.2542916519068338
761,long,2021-12-10,21:00:00,48432.47,2021-12-10,22:00:00,47916.9,162.76479896095842,closed,-1.8635366181877486,-1.1449260712906024,88.74774941998389,0,47900.04,48486.71,0.0006721309029292061,0.13021183916876675
762,short,2021-12-10,22:00:00,47916.9,2021-12-11,03:00:00,48249.99,312.63753811342076,closed,-2.424686538524873,-0.7755583520636696,86.32306288145902,100000,48286.0,46794.95,0.001304915543841195,0.2501100304907366
763,long,2021-12-11,03:00:00,48249.99,2021-12-12,06:00:00,48967.66,142.43648285833757,closed,2.0040596123964436,1.4069847641419315,88.32712249385547,0,47776.64,49616.25,0.0005904104140056302,0.11394918628667006
764,short,2021-12-12,06:00:00,48967.66,2021-12-12,08:00:00,49276.18,441.6356124692746,closed,-3.137630760664136,-0.7104569178923329,85.18949173319133,100000,49324.42,48949.78,0.00180378483460012,0.3533084899754197
765,long,2021-12-12,08:00:00,49276.18,2021-12-12,09:00:00,48952.24,228.6225199348643,closed,-1.6867829277183952,-0.7378026137578084,83.50270880547293,0,48952.24,49337.87,0.0009279230652005262,0.18289801594789146
766,short,2021-12-12,09:00:00,48952.24,2021-12-12,13:00:00,49500.07,417.51354402736195,closed,-5.0081574633091,-1.199519760484917,78.49455134216383,100000,49598.3,48681.02,0.0017057995467719637,0.33401083522188957
767,long,2021-12-12,13:00:00,49500.07,2021-12-13,00:00:00,50057.01,213.33608381224622,closed,2.228776856999289,1.0447256822061106,80.72332819916312,0,49500.07,50710.29,0.0008619627560617438,0.17066886704979697
768,short,2021-12-13,00:00:00,50057.01,2021-12-14,03:00:00,47003.82,403.61664099581276,closed,24.293790120628703,6.019025890679452,105.01711831979182,100000,50151.0,45800.83,0.0016126278457135686,0.32289331279665023
769,long,2021-12-14,03:00:00,47003.82,2021-12-14,18:00:00,46614.11,192.09695858086852,closed,-1.7471762467648877,-0.9095283234426462,103.26994207302693,0,46325.0,47918.53,0.0008173674334591042,0.15367756686469483
770,short,2021-12-14,18:00:00,46614.11,2021-12-14,21:00:00,47774.58,400.00946383400975,closed,-10.280060104264143,-2.5699542220156113,92.98988196876279,100000,47824.5,46452.01,0.0017162591491460836,0.32000757106720784
771,long,2021-12-14,21:00:00,47774.58,2021-12-15,12:00:00,48135.18,179.90074899203242,closed,1.2132076044813875,0.6743760719612785,94.20308957324417,0,47759.91,48694.73,0.0007531233094755932,0.14392059919362593
772,short,2021-12-15,12:00:00,48135.18,2021-12-15,20:00:00,48659.07,471.0154478662181,closed,-5.505171410283762,-1.1687878678338781,88.6979181629604,100000,49180.0,46586.87,0.001957052816115856,0.3768123582929745
773,long,2021-12-15,20:00:00,48659.07,2021-12-16,06:00:00,48520.01,160.2039695777845,closed,-0.5866595012887119,-0.36619535885087334,88.1112586616717,0,48520.01,49446.71,0.0006584752629994142,0.12816317566222762
774,short,2021-12-16,06:00:00,48520.01,2021-12-16,12:00:00,49198.04,404.6197773555033,closed,-5.979615340363944,-1.4778356558459054,82.13164332130775,100000,49374.24,48520.01,0.0016678470484878438,0.32369582188440266
775,long,2021-12-16,12:00:00,49198.04,2021-12-16,13:00:00,48685.12,212.49254150825627,closed,-2.3862240476282377,-1.1229683784150715,79.74541927367952,0,48643.6,49198.04,0.0008638252316891334,0.16999403320660503
776,short,2021-12-16,13:00:00,48685.12,2021-12-17,19:00:00,46975.05,398.727096368395,closed,13.684711859399133,3.4320997955843584,93.43013113307865,100000,49187.8,45485.24,0.0016379834182123614,0.31898167709471603
777,long,2021-12-17,19:00:00,46975.05,2021-12-17,21:00:00,46171.27,196.20793066029486,closed,-3.51507351189187,-1.7915042985585032,89.91505762118678,0,46171.27,47045.58,0.000835370822001445,0.1569663445282359
778,short,2021-12-17,21:00:00,46171.27,2021-12-17,22:00:00,46840.71,370.16934235816296,closed,-5.66484632842272,-1.5303391394692032,84.25021129276405,100000,47042.77,46126.25,0.0016034618166585542,0.2961354738865304
779,long,2021-12-17,22:00:00,46840.71,2021-12-18,00:00:00,46125.33,166.73260663556738,closed,-2.6805404443324496,-1.6076882011395586,81.5696708484316,0,45611.08,46937.66,0.0007119132337471716,0.13338608530845392
780,short,2021-12-18,00:00:00,46125.33,2021-12-18,05:00:00,46380.01,293.8908426816924,closed,-1.8590988436255471,-0.6325814124256678,79.71057200480605,100000,46446.66,45519.74,0.0012743143200566473,0.23511267414535392
781,long,2021-12-18,05:00:00,46380.01,2021-12-19,01:00:00,46648.65,144.8260553232649,closed,0.7223689510988525,0.4987838338111601,80.43294095590491,0,46202.86,47299.82,0.0006245192932181986,0.11586084425861193
782,short,2021-12-19,01:00:00,46648.65,2021-12-19,03:00:00,47121.61,402.1647047795219,closed,-4.400912012629922,-1.0943058802344743,76.032028943275,100000,47131.79,46415.67,0.0017242286959194828,0.32173176382361757
783,long,2021-12-19,03:00:00,47121.61,2021-12-19,11:00:00,47126.85,199.1869337188109,closed,-0.13804505109847745,-0.06930427037616509,75.89398389217652,0,46824.32,47995.9,0.0008454165030388856,0.15934954697504874
784,short,2021-12-19,11:00:00,47126.85,2021-12-20,17:00:00,46391.53,379.46991946087985,closed,5.6156808616516045,1.479875103046352,81.50966475382813,100000,48219.65,45572.93,0.0016104191961095636,0.3035759355687039
785,long,2021-12-20,17:00:00,46391.53,2021-12-21,16:00:00,48408.64,188.3860882246019,closed,8.039531572041676,4.267582414289852,89.54919632586981,0,46037.55,49250.11,0.0008121572546738679,0.15070887057968152
786,short,2021-12-21,16:00:00,48408.64,2021-12-23,13:00:00,48591.5,447.74598162934626,closed,-2.051373445442419,-0.4581556350271369,87.49782288042739,100000,49568.32,48060.02,0.0018498597838292764,0.35819678530347704
787,long,2021-12-23,13:00:00,48591.5,2021-12-24,06:00:00,51004.65,291.2783412340121,closed,14.23123699136993,4.885786197174406,101.72905987179732,0,48453.87,51480.55,0.001198885983079395,0.2330226729872097
788,short,2021-12-24,06:00:00,51004.65,2021-12-25,19:00:00,50988.4,508.6452993589839,closed,-0.2468571653692059,-0.048532280880272685,101.48220270642811,100000,51768.86,50190.25,0.0019945055964857477,0.40691623948718714
789,long,2021-12-25,19:00:00,50988.4,2021-12-25,23:00:00,50605.11,381.6502182507021,closed,-3.1757581996604194,-0.8321122451381113,98.30644450676769,0,50602.1,51065.32,0.001497008018493234,0.3053201746005617
790,short,2021-12-25,23:00:00,50605.11,2021-12-26,14:00:00,49833.92,491.53222253383575,closed,7.095473055971379,1.4435417925185863,105.40191756273907,100000,50675.91,49529.65,0.0019426189273527347,0.3932257780270686
791,long,2021-12-26,14:00:00,49833.92,2021-12-27,09:00:00,50559.88,393.76023354200976,closed,5.4195482577617335,1.3763574368622802,110.8214658205008,0,49728.15,51202.7,0.001580290025516796,0.3150081868336078
792,short,2021-12-27,09:00:00,50559.88,2021-12-27,13:00:00,51108.62,554.1073291025011,closed,-6.459353884755348,-1.1657225135819256,104.36211193574546,100000,51174.03,50516.07,0.0021918854597855106,0.4432858632820009
793,long,2021-12-27,13:00:00,51108.62,2021-12-27,21:00:00,51217.45,394.4120040529161,closed,0.5227825249322509,0.1325473158930812,104.88489446067771,0,50942.63,51948.29,0.0015434265454747794,0.31552960324233287
794,short,2021-12-27,21:00:00,51217.45,2021-12-28,16:00:00,48921.84,524.4244723033859,closed,23.083566843307025,4.401695203490219,127.96846130398474,100000,51288.92,48627.48,0.002047835151118948,0.41953957784270873
795,long,2021-12-28,16:00:00,48921.84,2021-12-28,17:00:00,48617.45,346.2548946486215,closed,-2.4328054628606934,-0.7026053639846731,125.53565584112404,0,48220.33,48952.11,0.001415543220159428,0.2770039157188972
796,short,2021-12-28,17:00:00,48617.45,2021-12-29,02:00:00,47717.88,627.6782792056176,closed,11.109223541853062,1.7698913455971053,136.6448793829771,100000,48617.45,47327.86,0.0025821110700195824,0.5021426233644941
797,long,2021-12-29,02:00:00,47717.88,2021-12-30,00:00:00,46436.54,353.4204423879294,closed,-9.774407688383416,-2.76565996645282,126.87047169459369,0,46136.35,48107.35,0.0014812914672149285,0.2827363539103436
798,short,2021-12-30,00:00:00,46436.54,2021-12-30,07:00:00,46874.34,554.3703611934197,closed,-5.672443540466485,-1.023222729342013,121.1980281541272,100000,46930.01,45993.85,0.002387647146809042,0.4434962889547358
799,long,2021-12-30,07:00:00,46874.34,2021-12-30,23:00:00,47068.0,297.71093912310494,closed,0.990545259026929,0.3327204777710011,122.18857341315413,0,46724.9,47850.58,0.0012702512253958348,0.23816875129848397
800,short,2021-12-30,23:00:00,47068.0,2021-12-31,06:00:00,47247.62,610.942867065768,closed,-2.8228187611415243,-0.4620430016146907,119.36575465201261,100000,47427.05,46820.17,0.00259600096484137,0.48875429365261447
801,long,2021-12-31,06:00:00,47247.62,2021-12-31,17:00:00,47469.54,338.8211522448143,closed,1.3189369419314565,0.38927231466896794,120.68469159394407,0,46830.34,48525.47,0.0014342358503764393,0.27105692179585145
802,short,2021-12-31,17:00:00,47469.54,2022-01-01,04:00:00,46789.56,603.4234579697177,closed,8.158490920253938,1.3520341001829872,128.843182514198,100000,47526.85,45703.05,0.002542360671578944,0.4827387663757742
803,long,2022-01-01,04:00:00,46789.56,2022-01-02,04:00:00,47330.75,326.40477312689774,closed,3.5128317009331846,1.0762194643420506,132.35601421513118,0,46611.7,47863.11,0.0013952034305383413,0.2611238185015182
804,short,2022-01-02,04:00:00,47330.75,2022-01-02,17:00:00,47780.0,661.7800710756533,closed,-6.813648434140671,-1.0295940799585892,125.54236578099051,100000,47812.33,46792.61,0.002796406442220558,0.5294240568605226
805,long,2022-01-02,17:00:00,47780.0,2022-01-02,19:00:00,47046.95,427.06539550950737,closed,-6.895559835397717,-1.6146379238175028,118.64680594559279,0,46689.53,47941.65,0.001787632463413593,0.3416523164076059
806,short,2022-01-02,19:00:00,47046.95,2022-01-03,11:00:00,47116.89,593.2340297279618,closed,-1.3590108653812538,-0.22908511603834544,117.28779508021154,100000,47444.59,46740.02,0.0025218809284255914,0.47458722378236945
807,long,2022-01-03,11:00:00,47116.89,2022-01-03,16:00:00,46689.99,437.31957723780454,closed,-4.314022045400599,-0.9864689965742675,112.97377303481093,0,46655.82,47537.52,0.0018563176696840752,0.34985566179024363
808,short,2022-01-03,16:00:00,46689.99,2022-01-04,04:00:00,46313.95,564.8688651740525,closed,4.0951248212729565,0.7249691165065593,117.0688978560839,100000,46747.25,45732.43,0.002419657254902186,0.45189509213924206
809,long,2022-01-04,04:00:00,46313.95,2022-01-04,19:00:00,45742.69,350.3833562978382,closed,-4.6036276885363705,-1.3138830956979375,112.46527016754752,0,45511.5,47460.0,0.0015130791318720958,0.28030668503827055
810,short,2022-01-04,19:00:00,45742.69,2022-01-05,04:00:00,46409.76,548.1414713095994,closed,-8.434509030390721,-1.538746741829131,104.03076113715679,100000,46521.67,45622.06,0.002396629806028458,0.43851317704767956
811,long,2022-01-05,04:00:00,46409.76,2022-01-05,17:00:00,46308.23,277.99398516565583,closed,-0.8317568420368294,-0.29919958215685416,103.19900429511996,0,45928.42,46983.11,0.0011979979433880108,0.22239518813252468
812,short,2022-01-05,17:00:00,46308.23,2022-01-06,09:00:00,43050.0,515.995021475598,closed,35.8901950454912,6.9555312651768455,139.08919934061117,100000,46460.0,42479.01,0.0022285240505871117,0.4127960171804784
813,long,2022-01-06,09:00:00,43050.0,2022-01-07,04:00:00,41789.97,265.2225690022471,closed,-7.976206815566526,-3.007363530778162,131.11299252504466,0,41568.72,43529.99,0.0012321605993135755,0.2121780552017977
814,short,2022-01-07,04:00:00,41789.97,2022-01-07,10:00:00,42409.0,599.633636660238,closed,-9.364880476792308,-1.5617670364443879,121.74811204825235,100000,42580.0,41049.49,0.0028697490649561993,0.47970690932819043
815,long,2022-01-07,10:00:00,42409.0,2022-01-07,16:00:00,41297.41,234.35639557395007,closed,-6.331348377445299,-2.7015897568912184,115.41676367080706,0,40658.0,42682.73,0.001105220097497937,0.18748511645916005
816,short,2022-01-07,16:00:00,41297.41,2022-01-07,17:00:00,42131.75,364.4802405455527,closed,-7.65701800402134,-2.1008046945316825,107.75974566678572,100000,42131.75,40956.01,0.001765148180215431,0.2915841924364422
817,long,2022-01-07,17:00:00,42131.75,2022-01-08,16:00:00,41600.72,159.76570444343065,closed,-2.142263308455763,-1.3408780788834995,105.61748235832995,0,41347.72,42192.54,0.0007584100088101286,0.12781256355474452
818,short,2022-01-08,16:00:00,41600.72,2022-01-08,23:00:00,41912.88,528.087411791648,closed,-4.387626877371652,-0.8308523890932565,101.22985548095829,100000,42303.15,40623.72,0.002538837846035588,0.42246992943331846
819,long,2022-01-08,23:00:00,41912.88,2022-01-09,10:00:00,41503.75,205.7172414709632,closed,-2.1736516339576673,-1.0566210291442568,99.05620384700063,0,41418.95,42151.5,0.000981642117988376,0.16457379317677057
820,short,2022-01-09,10:00:00,41503.75,2022-01-09,12:00:00,41854.25,495.28101923500145,closed,-4.581269623284035,-0.9249838869981628,94.4749342237166,100000,41948.28,41419.82,0.002386680814311967,0.3962248153880012
821,long,2022-01-09,12:00:00,41854.25,2022-01-09,14:00:00,41467.75,250.6194958017546,closed,-2.516020520073038,-1.0039205098645894,91.95891370364356,0,41467.75,41900.39,0.0011975820653900363,0.20049559664140368
822,short,2022-01-09,14:00:00,41467.75,2022-01-09,17:00:00,42127.99,459.79456851821624,closed,-7.690796867616564,-1.6726593557644145,84.26811683602699,100000,42127.99,41264.41,0.002217600754891289,0.36783565481457303
823,long,2022-01-09,17:00:00,42127.99,2022-01-10,01:00:00,41644.58,220.5129770716315,closed,-2.7077982034264156,-1.2279541274102947,81.56031863260057,0,41644.58,42727.85,0.001046871579069552,0.17641038165730522
824,short,2022-01-10,01:00:00,41644.58,2022-01-10,19:00:00,41584.61,400.1254065239411,closed,0.25417598031535904,0.06352407924392842,81.81449461291592,100000,42210.5,39658.07,0.0019216205639434525,0.3201003252191529
825,long,2022-01-10,19:00:00,41584.61,2022-01-11,11:00:00,41619.09,139.45385154019849,closed,0.0033947849302853467,0.002434342897518881,81.8178893978462,0,41204.49,42456.0,0.0006706993358369767,0.11156308123215879
826,short,2022-01-11,11:00:00,41619.09,2022-01-11,17:00:00,42684.18,364.9789290784656,closed,-9.634051971725865,-2.639618674987857,72.18383742612033,100000,42806.01,41274.74,0.0017539015345047941,0.2919831432627725
827,long,2022-01-11,17:00:00,42684.18,2022-01-12,03:00:00,42545.54,147.02170431302133,closed,-0.5958388831520911,-0.4052727357067641,71.58799854296824,0,42334.2,43056.08,0.00068888147464949,0.11761736345041707
828,short,2022-01-12,03:00:00,42545.54,2022-01-12,13:00:00,43245.67,349.72264575742975,closed,-6.036462847915028,-1.7260714801128334,65.5515356950532,100000,43260.38,42456.48,0.0016439920412688602,0.2797781166059438
829,long,2022-01-12,13:00:00,43245.67,2022-01-13,01:00:00,43699.62,185.51396394402306,closed,1.7980718210056448,0.9692379930753862,67.34960751605885,0,43177.2,44235.7,0.0008579539359386643,0.14841117115521846
830,short,2022-01-13,01:00:00,43699.62,2022-01-13,15:00:00,44120.24,336.7480375802933,closed,-3.5122254655061327,-1.0429832021422507,63.83738205055272,100000,44343.83,43428.38,0.0015411943517142407,0.2693984300642347
831,long,2022-01-13,15:00:00,44120.24,2022-01-13,16:00:00,43170.0,222.6509068149927,closed,-4.9744755928153905,-2.234204056913557,58.86290645773733,0,42884.53,44120.24,0.0010092914581380007,0.17812072545199417
832,short,2022-01-13,16:00:00,43170.0,2022-01-14,06:00:00,42864.34,294.31453228868577,closed,1.8470435567704637,0.6275747046560192,60.7099500145078,100000,43381.76,42322.22,0.0013635141639503625,0.2354516258309486
833,long,2022-01-14,06:00:00,42864.34,2022-01-14,11:00:00,42059.75,190.70404132224877,closed,-3.7330850704576504,-1.957528033792184,56.97686494405015,0,42041.57,42921.96,0.0008898027652927762,0.15256323305779904
834,short,2022-01-14,11:00:00,42059.75,2022-01-14,15:00:00,42945.09,284.8843247202498,closed,-6.225957018148968,-2.185433341852951,50.75090792590118,100000,43009.13,41818.51,0.0013546648504579786,0.22790745977619986
835,long,2022-01-14,15:00:00,42945.09,2022-01-15,05:00:00,42895.77,136.55592243967456,closed,-0.26670742528602265,-0.1953100389357659,50.48420050061516,0,42755.49,43379.57,0.0006359559262289336,0.10924473795173965
836,short,2022-01-15,05:00:00,42895.77,2022-01-15,16:00:00,43370.01,252.42100250307487,closed,-2.9937883162091095,-1.1860298020061308,47.49041218440605,100000,43372.42,42590.25,0.0011769039348312196,0.20193680200245992
837,long,2022-01-15,16:00:00,43370.01,2022-01-16,00:00:00,43070.51,159.6087459588975,closed,-1.2306321232238924,-0.7710305070254767,46.259780061182155,0,43070.51,43734.57,0.000736032783754938,0.127686996767118
838,short,2022-01-16,00:00:00,43070.51,2022-01-16,15:00:00,43280.64,231.29890030590985,closed,-1.31456133164509,-0.5683387728633753,44.94521872953707,100000,43353.53,42595.61,0.0010740476502642288,0.18503912024472788
839,long,2022-01-16,15:00:00,43280.64,2022-01-16,20:00:00,42817.01,170.7739314534832,closed,-1.966769360734198,-1.151680086061568,42.97844936880287,0,42811.22,43420.0,0.0007891469786652102,0.13661914516278656
840,short,2022-01-16,20:00:00,42817.01,2022-01-17,11:00:00,42775.48,214.8922468440134,closed,0.03551536588913495,0.016527057821176278,43.013964734692,100000,43228.31,42356.99,0.001003770449379877,0.17191379747521074
841,long,2022-01-17,11:00:00,42775.48,2022-01-17,12:00:00,42656.61,168.88179606745135,closed,-0.6052054908510611,-0.35836040647586564,42.40875924384094,0,42650.0,42806.42,0.000789619642222373,0.1351054368539611
842,short,2022-01-17,12:00:00,42656.61,2022-01-18,01:00:00,42338.0,212.04379621920367,closed,1.413164560886651,0.6664493779510388,43.82192380472759,100000,42749.7,41532.74,0.000994189628379769,0.16963503697536295
843,long,2022-01-18,01:00:00,42338.0,2022-01-18,09:00:00,41709.99,143.00958941892966,closed,-2.2363797573414192,-1.5637970617412302,41.58554404738617,0,41690.0,42399.99,0.0006755613841888123,0.11440767153514374
844,short,2022-01-18,09:00:00,41709.99,2022-01-18,20:00:00,41680.93,207.92772023692982,closed,-0.022472709761062082,-0.010807943133053563,41.56307133762511,100000,42032.08,41293.78,0.0009970163993658586,0.16634217618954386
845,long,2022-01-18,20:00:00,41680.93,2022-01-19,05:00:00,41699.55,131.7531640710564,closed,-0.04717702423986627,-0.03580712810390118,41.515894313385246,0,41487.66,42563.08,0.0006321987732570095,0.10540253125684512
846,short,2022-01-19,05:00:00,41699.55,2022-01-19,13:00:00,42075.1,207.579471566925,closed,-2.0365390725831336,-0.9810888606711476,39.479355240802114,100000,42211.7,41188.02,0.0009955957393637342,0.16606357725354
847,long,2022-01-19,13:00:00,42075.1,2022-01-19,21:00:00,41626.0,114.31153246035771,closed,-1.3121277634985251,-1.1478524828223784,38.16722747730359,0,41560.0,42515.81,0.0005433690351792758,0.09144922596828617
848,short,2022-01-19,21:00:00,41626.0,2022-01-20,04:00:00,41915.36,190.83613738651664,closed,-1.4801688364368613,-0.7756229279777077,36.68705864086673,100000,42041.72,41626.0,0.0009169083620166082,0.1526689099092133
849,long,2022-01-20,04:00:00,41915.36,2022-01-20,22:00:00,41319.68,113.66375140995751,closed,-1.706805377255608,-1.5016268212893802,34.980253263611125,0,41319.68,43464.84,0.0005423489213021552,0.09093100112796601
850,short,2022-01-20,22:00:00,41319.68,2022-01-21,16:00:00,38831.88,171.48804195105416,closed,10.187034080216678,5.940375762832632,45.1672873438278,100000,41487.74,37726.95,0.000830055034071194,0.13719043356084334
851,long,2022-01-21,16:00:00,38831.88,2022-01-21,22:00:00,36634.29,70.91023023799126,closed,-4.070074818830657,-5.739756880171644,41.09721252499715,0,36120.01,38999.79,0.000365216570704232,0.05672818419039301
852,short,2022-01-21,22:00:00,36634.29,2022-01-22,11:00:00,35461.77,99.72612966208068,closed,3.1115170940055403,3.120062018398621,44.20872961900269,100000,37120.99,34142.88,0.0005444414490472215,0.07978090372966455
853,long,2022-01-22,11:00:00,35461.77,2022-01-23,17:00:00,35211.97,48.07691016873623,closed,-0.3773963174076013,-0.7849845509685377,43.83133330159509,0,34287.73,36105.8,0.00027114783141809465,0.03846152813498898
854,short,2022-01-23,17:00:00,35211.97,2022-01-23,23:00:00,35490.61,150.0830045506625,closed,-1.3085584132868706,-0.8718898033822007,42.52277488830822,100000,35532.73,34661.09,0.0008524544610861734,0.12006640364053
855,long,2022-01-23,23:00:00,35490.61,2022-01-24,05:00:00,35106.28,75.83404215818881,closed,-0.8823060906266853,-1.163469683953028,41.640468797681535,0,35060.41,36473.68,0.0004273470766390818,0.06066723372655105
856,short,2022-01-24,05:00:00,35106.28,2022-01-24,18:00:00,35331.17,144.138411057564,closed,-1.0394791381718755,-0.7211673353029697,40.60098965950966,100000,35469.47,33038.26,0.0008211545686843723,0.11531072884605122
857,long,2022-01-24,18:00:00,35331.17,2022-01-25,06:00:00,36037.16,46.449070873476046,closed,0.8907265090936032,1.917641176332415,41.49171616860326,0,35225.94,37366.14,0.0002629353676851123,0.03715925669878084
858,short,2022-01-25,06:00:00,36037.16,2022-01-25,17:00:00,36805.52,117.04051777029161,closed,-2.589740884959614,-2.2126874814774338,38.90197528364365,100000,37017.5,35700.12,0.0006495546140167073,0.09363241421623329
859,long,2022-01-25,17:00:00,36805.52,2022-01-25,22:00:00,36544.92,60.2461154081461,closed,-0.4750944581928439,-0.7885893637693437,38.42688082545081,0,36430.44,37453.74,0.0003273754339465717,0.04819689232651689
860,short,2022-01-25,22:00:00,36544.92,2022-01-26,05:00:00,37762.15,123.11460048737841,closed,-4.199838955780011,-3.4113248462440287,34.2270418696708,100000,37781.99,36451.01,0.0006737713503675938,0.09849168038990273
861,long,2022-01-26,05:00:00,37762.15,2022-01-26,19:00:00,37950.7,61.51359139874284,closed,0.2576065337276219,0.41877986290504027,34.484648403398424,0,37145.76,38425.0,0.00032579496346867346,0.049210873118994275
862,short,2022-01-26,19:00:00,37950.7,2022-01-27,10:00:00,36505.31,129.89949474473048,closed,4.84274675845162,3.72807205137191,39.32739516185004,100000,38805.47,35501.37,0.0006845696903863723,0.10391959579578439
863,long,2022-01-27,10:00:00,36505.31,2022-01-27,20:00:00,36194.34,68.34139155477241,closed,-0.6372127714496684,-0.9323965417633796,38.69018239040037,0,35877.9,37172.13,0.00037441890812472175,0.054673113243817933
864,short,2022-01-27,20:00:00,36194.34,2022-01-27,23:00:00,36683.88,147.73765501700237,closed,-2.117205416681651,-1.4330844877956084,36.572976973718724,100000,36927.78,35520.36,0.000816357778685852,0.1181901240136019
865,long,2022-01-27,23:00:00,36683.88,2022-01-28,09:00:00,36643.79,59.52051453847895,closed,-0.11298794623276935,-0.18983025786802407,36.45998902748595,0,36440.98,37473.16,0.0003245050116753133,0.04761641163078316
866,short,2022-01-28,09:00:00,36643.79,2022-01-28,16:00:00,37169.99,133.33837149574424,closed,-2.0221199112478545,-1.5165326294032282,34.4378691162381,100000,37256.3,36158.25,0.0007277542606577772,0.1066706971965954
867,long,2022-01-28,16:00:00,37169.99,2022-01-29,09:00:00,37767.6,63.46754187132204,closed,0.9693000690073159,1.527237451503217,35.407169185245415,0,36767.56,37977.62,0.0003414988374832603,0.050774033497057634
868,short,2022-01-29,09:00:00,37767.6,2022-01-29,14:00:00,38129.98,177.03584592622582,closed,-1.8412245476973501,-1.0400292314047084,33.565944637548064,100000,38155.59,37570.01,0.0009375011699246223,0.14162867674098067
869,long,2022-01-29,14:00:00,38129.98,2022-01-29,15:00:00,37599.38,94.78143861367718,closed,-1.3952590350980774,-1.4720804574248552,32.170685602449986,0,37577.17,38150.0,0.0004971491651119522,0.07582515089094174
870,short,2022-01-29,15:00:00,37599.38,2022-01-29,21:00:00,38319.8,160.85342801224863,closed,-3.21155797317657,-1.9965741562759962,28.959127629273414,100000,38584.61,37324.36,0.0008556174490762808,0.1286827424097989
871,long,2022-01-29,21:00:00,38319.8,2022-01-30,01:00:00,37808.09,72.92385534979361,closed,-1.0325208595530178,-1.4158890182099237,27.926606769720397,0,37733.75,38623.3,0.0003806066594804441,0.05833908427983489
872,short,2022-01-30,01:00:00,37808.09,2022-01-30,08:00:00,38228.0,134.62153335892083,closed,-1.6035636504979325,-1.191164303724424,26.323043119222465,100000,38270.48,37792.15,0.0007121308342152214,0.10769722668713667
873,long,2022-01-30,08:00:00,38228.0,2022-01-30,09:00:00,37992.01,80.6234273719636,closed,-0.562627006807687,-0.6978455582295645,25.760416112414777,0,37971.48,38295.23,0.0004218030102122193,0.06449874189757088
874,short,2022-01-30,09:00:00,37992.01,2022-01-31,10:00:00,37185.01,128.8020805620726,closed,2.6322049991904115,2.043604410506314,28.392621111605187,100000,38183.99,36665.98,0.0006780482557362593,0.1030416644496581
875,long,2022-01-31,10:00:00,37185.01,2022-02-01,06:00:00,38433.9,91.12755544278264,closed,2.98720382104283,3.278046696773779,31.379824932648017,0,36836.8,38701.19,0.0004901305953274324,0.0729020443542261
876,short,2022-02-01,06:00:00,38433.9,2022-02-01,14:00:00,38840.98,156.89912466323878,closed,-1.788162838191277,-1.1396894928695804,29.59166209445674,100000,39070.0,38007.81,0.0008164621579555486,0.12551929973059103
877,long,2022-02-01,14:00:00,38840.98,2022-02-01,15:00:00,38492.1,82.19214233154506,closed,-0.804448593476825,-0.9787414838657641,28.787213500979917,0,38365.01,38968.71,0.00042322383385560845,0.06575371386523605
878,short,2022-02-01,15:00:00,38492.1,2022-02-01,17:00:00,39092.04,143.9360675048982,closed,-2.359292238033108,-1.6391251191803056,26.42792126294681,100000,39213.16,38180.0,0.0007478732909085148,0.11514885400391857
879,long,2022-02-01,17:00:00,39092.04,2022-02-01,19:00:00,38516.49,63.804081182521585,closed,-0.9907537466920963,-1.5528062285826039,25.437167516254714,0,38480.29,39117.02,0.0003264300414228656,0.05104326494601727
880,short,2022-02-01,19:00:00,38516.49,2022-02-02,13:00:00,38692.33,117.84160082294524,closed,-0.6328694873446801,-0.537050992964322,24.804298028910033,100000,38846.21,38194.38,0.0006119020753082394,0.09427328065835619
881,long,2022-02-02,13:00:00,38692.33,2022-02-02,14:00:00,38350.65,82.32470645490098,closed,-0.7932693226343953,-0.963585971689997,24.01102870627564,0,38323.84,38715.0,0.0004255350166552439,0.06585976516392078
882,short,2022-02-02,14:00:00,38350.65,2022-02-03,06:00:00,36980.01,120.05514353137687,closed,4.194062334508613,3.4934466039037133,28.205091040784254,100000,38400.47,36660.83,0.0006260918317232009,0.0960441148251015
883,long,2022-02-03,06:00:00,36980.01,2022-02-03,11:00:00,36361.43,81.8723537342812,closed,-1.4354535710388523,-1.7532824031145522,26.7696374697454,0,36288.3,37074.75,0.0004427924910473589,0.06549788298742497
884,short,2022-02-03,11:00:00,36361.43,2022-02-03,12:00:00,36754.99,133.84818734872567,closed,-1.5565282071238664,-1.1629057053036629,25.213109262621536,100000,36754.99,36306.97,0.0007362096999415351,0.10707854987898055
885,long,2022-02-03,12:00:00,36754.99,2022-02-04,14:00:00,37415.8,71.1381154979681,closed,1.2216791760823695,1.717334185099778,26.434788438703904,0,36233.62,38167.74,0.00038709364632104706,0.056910492398374486
886,short,2022-02-04,14:00:00,37415.8,2022-02-04,15:00:00,37939.57,132.1739421935182,closed,-1.9566999909181868,-1.4803976929532356,24.47808844778572,100000,37942.92,37316.3,0.0007065140512485003,0.10573915375481456
887,long,2022-02-04,15:00:00,37939.57,2022-02-05,06:00:00,41509.99,60.92116917866363,closed,5.68411603650278,9.330280612036452,30.162204484288498,0,37895.05,41832.16,0.0003211484430564903,0.04873693534293091
888,short,2022-02-05,06:00:00,41509.99,2022-02-07,00:00:00,42361.35,136.83639975057278,closed,-2.916610354274324,-2.1314579743334083,27.245594130014176,100000,42548.99,40972.6,0.0006592938218032469,0.10946911980045823
889,long,2022-02-07,00:00:00,42361.35,2022-02-07,11:00:00,42534.0,81.55368261092963,closed,0.2667562127259525,0.32709278623084825,27.512350342740127,0,41620.0,42892.72,0.0003850381662101403,0.0652429460887437
890,short,2022-02-07,11:00:00,42534.0,2022-02-07,15:00:00,43376.83,137.56175171369927,closed,-2.836543113394285,-2.0620143884892124,24.675807229345843,100000,43383.08,42500.99,0.0006468319542657604,0.11004940137095942
891,long,2022-02-07,15:00:00,43376.83,2022-02-08,00:00:00,43829.99,70.07332369911262,closed,0.6756779087601533,0.964244127567635,25.351485138105996,0,43118.91,44435.52,0.0003230910313137803,0.056058658959290096
892,short,2022-02-08,00:00:00,43829.99,2022-02-08,06:00:00,44867.12,116.0508899324269,closed,-2.839432021996547,-2.44671283748868,22.51205311610945,100000,44964.98,43553.9,0.0005295501547339021,0.09284071194594153
893,long,2022-02-08,06:00:00,44867.12,2022-02-08,09:00:00,44000.0,55.41905013104532,closed,-1.1156331205941203,-2.013085965847602,21.39641999551533,0,43922.61,45344.99,0.0002470363603950747,0.044335240104836256
894,short,2022-02-08,09:00:00,44000.0,2022-02-08,22:00:00,44159.9,88.43961988970919,closed,-0.392551312828644,-0.44386363636363974,21.003868682686686,100000,44342.13,42688.5,0.00040199827222595086,0.07075169591176736
895,long,2022-02-08,22:00:00,44159.9,2022-02-09,03:00:00,43317.14,38.97339591649584,closed,-0.7751345187565122,-1.9888811342417034,20.228734163930174,0,43140.45,44300.0,0.00017651034498038194,0.031178716733196672
896,short,2022-02-09,03:00:00,43317.14,2022-02-09,13:00:00,44120.42,78.13620481450835,closed,-1.5118400564482342,-1.9348777689385743,18.716894107481938,100000,44270.0,43126.0,0.00036076345213238156,0.06250896385160667
897,long,2022-02-09,13:00:00,44120.42,2022-02-10,02:00:00,44239.02,39.6428261133545,closed,0.07466982638276291,0.1883564662349056,18.7915639338647,0,43702.58,44760.99,0.0001797028501240673,0.031714260890683604
898,short,2022-02-10,02:00:00,44239.02,2022-02-10,10:00:00,44377.2,93.71530783956146,closed,-0.3681144609689581,-0.39280078084912445,18.423449472895744,100000,44400.84,43567.35,0.00042367714221319317,0.07497224627164917
899,long,2022-02-10,10:00:00,44377.2,2022-02-10,14:00:00,43628.82,52.92578837124714,closed,-0.9351231104151423,-1.766857214966238,17.488326362480603,0,43628.82,45111.07,0.00023852693892921205,0.042340630696997714
900,short,2022-02-10,14:00:00,43628.82,2022-02-10,16:00:00,44936.02,78.99367496070292,closed,-2.4303534064048025,-3.0766430446663398,15.057972956075801,100000,45550.64,43235.69,0.0003621169445366752,0.06319493996856233
901,long,2022-02-10,16:00:00,44936.02,2022-02-10,21:00:00,44077.47,27.69804956157222,closed,-0.5514821327800696,-1.9910504223560426,14.506490823295731,0,43790.03,45741.87,0.00012327771601299903,0.022158439649257778
902,short,2022-02-10,21:00:00,44077.47,2022-02-11,11:00:00,43420.43,48.11990327856121,closed,0.6785841926716583,1.4101944235910109,15.18507501596739,100000,44144.88,42679.01,0.00021834240158775543,0.03849592262284897
903,long,2022-02-11,11:00:00,43420.43,2022-02-11,19:00:00,42652.95,29.142968446379477,closed,-0.5385666193091886,-1.8480156553032825,14.646508396658202,0,42628.54,43881.6,0.00013423620377034257,0.023314374757103584
904,short,2022-02-11,19:00:00,42652.95,2022-02-12,09:00:00,42268.76,60.22487282438954,closed,0.4940041456539116,0.8202659839471715,15.140512542312115,100000,43062.6,41789.83,0.00028239487690483097,0.04817989825951163
905,long,2022-02-12,09:00:00,42268.76,2022-02-13,00:00:00,42199.87,37.465300096882366,closed,-0.09121079033764082,-0.24345404975210866,15.049301751974474,0,41776.79,42970.0,0.00017727182011907785,0.029972240077505895
906,short,2022-02-13,00:00:00,42199.87,2022-02-13,01:00:00,42372.41,75.04276033729417,closed,-0.36721255788712703,-0.489337753884078,14.682089194087347,100000,42464.19,42051.5,0.00035565398821036254,0.06003420826983534
907,long,2022-02-13,01:00:00,42372.41,2022-02-13,18:00:00,42252.12,36.55124132424764,closed,-0.13317794323897555,-0.3643595632157832,14.548911250848372,0,42106.57,42687.37,0.00017252377820495762,0.029240993059398115
908,short,2022-02-13,18:00:00,42252.12,2022-02-14,08:00:00,42290.41,72.74455625424036,closed,-0.12446304105892217,-0.17109602074404992,14.42444820978945,100000,42428.68,41610.09,0.00034433565110692844,0.0581956450033923
909,long,2022-02-14,08:00:00,42290.41,2022-02-14,20:00:00,42102.29,45.750736411535826,closed,-0.24032948844755037,-0.5253019017786836,14.1841187213419,0,41850.0,42771.51,0.000216364591459557,0.036600589129228665
910,short,2022-02-14,20:00:00,42102.29,2022-02-14,23:00:00,42659.99,70.920593606708,closed,-0.9965095649757674,-1.405106069052294,13.187609156366133,100000,42711.54,42022.06,0.0003368966087436479,0.0567364748853664
911,long,2022-02-14,23:00:00,42659.99,2022-02-15,17:00:00,44110.9,38.79585578518145,closed,1.2882682647194923,3.320633708540493,14.475877421085626,0,42451.32,44472.2,0.00018188403600273443,0.031036684628145163
912,short,2022-02-15,17:00:00,44110.9,2022-02-16,21:00:00,44078.7,72.37938710542662,closed,-0.0053962974675430125,-0.007455572205499413,14.470481123618082,100000,44698.0,43370.0,0.0003281700763549445,0.0579035096843413
913,long,2022-02-16,21:00:00,44078.7,2022-02-17,04:00:00,43574.3,47.83296182227965,closed,-0.5858440551772762,-1.2247706034887467,13.884637068440806,0,43574.3,44155.7,0.00021703435819241335,0.038266369457823725
914,short,2022-02-17,04:00:00,43574.3,2022-02-18,04:00:00,40677.0,69.42318534220252,closed,4.560161767162059,6.568643810686581,18.444798835602867,100000,43979.3,40067.1,0.00031864280248771647,0.05553854827376201
915,long,2022-02-18,04:00:00,40677.0,2022-02-19,13:00:00,39743.7,43.143242937982606,closed,-1.0246126173758523,-2.374908670747604,17.420186218227016,0,39548.1,40900.0,0.00021212598243716403,0.034514594350386084
916,short,2022-02-19,13:00:00,39743.7,2022-02-19,14:00:00,39994.0,87.10093109113356,closed,-0.6186679614211702,-0.7102885740381568,16.801518256805846,100000,40040.0,39660.6,0.0004383131469447161,0.06968074487290685
917,long,2022-02-19,14:00:00,39994.0,2022-02-20,04:00:00,39778.1,50.97334712899831,closed,-0.316203499290852,-0.6203310496574522,16.485314757514992,0,39717.8,40300.1,0.00025490497139070016,0.04077867770319865
918,short,2022-02-20,04:00:00,39778.1,2022-02-20,18:00:00,38258.3,82.4265737875735,closed,3.082912545641264,3.740192517993559,19.568227303156256,100000,39806.3,38010.6,0.00041443193006993046,0.0659412590300588
919,long,2022-02-20,18:00:00,38258.3,2022-02-21,11:00:00,38282.2,59.79890536863737,closed,-0.01079529178702645,-0.018052657854650694,19.55743201136923,0,38055.3,39429.1,0.00031260618150120295,0.0478391242949099
920,short,2022-02-21,11:00:00,38282.2,2022-02-21,17:00:00,38679.2,97.7871600568447,closed,-1.092828156938766,-1.117557925093124,18.464603854430464,100000,39114.8,37272.1,0.0005108753418395218,0.07822972804547576
921,long,2022-02-21,17:00:00,38679.2,2022-02-21,19:00:00,37721.4,34.38985713638667,closed,-0.8792741542321988,-2.556783387453711,17.585329700198265,0,37558.8,38802.6,0.00017782093288582325,0.027511885709109334
922,short,2022-02-21,19:00:00,37721.4,2022-02-22,09:00:00,37081.2,60.22115856125675,closed,0.973565147390142,1.616649647149905,18.55889484758841,100000,38362.1,36372.7,0.00031929439819973146,0.0481769268490054
923,long,2022-02-22,09:00:00,37081.2,2022-02-23,04:00:00,37730.4,29.570611908753968,closed,0.49389221787139426,1.6702130459640043,19.052787065459803,0,37002.3,38360.4,0.00015949112708733251,0.023656489527003177
924,short,2022-02-23,04:00:00,37730.4,2022-02-23,08:00:00,38121.6,75.52778600667769,closed,-0.8439171147067221,-1.117359794754355,18.20886995075308,100000,38181.1,37700.0,0.00040035507710852624,0.060422228805342156
925,long,2022-02-23,08:00:00,38121.6,2022-02-23,17:00:00,38626.0,40.46190513783197,closed,0.5027835799172394,1.2426097540502008,18.71165353067032,0,38064.1,39151.9,0.00021227810552459483,0.03236952411026558
926,short,2022-02-23,17:00:00,38626.0,2022-02-24,12:00:00,35425.4,89.64741617376116,closed,7.3561179993994426,8.205610728524823,26.067771530069763,100000,38734.8,34341.9,0.0004641817230557716,0.07171793293900892
927,long,2022-02-24,12:00:00,35425.4,2022-02-25,09:00:00,38328.9,35.88710342975611,closed,2.912429369676518,8.115532019398511,28.98020089974628,0,35060.9,39059.0,0.00020260662366412862,0.02870968274380489
928,short,2022-02-25,09:00:00,38328.9,2022-02-25,13:00:00,39338.1,87.29253274705233,closed,-2.3687020488874238,-2.713521963844507,26.611498850858855,100000,39370.0,38015.2,0.0004554919799266472,0.06983402619764187
929,long,2022-02-25,13:00:00,39338.1,2022-02-25,15:00:00,38990.0,41.183239654740674,closed,-0.3975834799249542,-0.9654011759591808,26.2139153709339,0,38990.0,39635.2,0.00020938092919963434,0.032946591723792544
930,short,2022-02-25,15:00:00,38990.0,2022-02-25,16:00:00,39388.5,81.55187895745894,closed,-0.8991664618820194,-1.1025698897153116,25.314748909051882,100000,39466.0,38704.9,0.0004183220259423388,0.06524150316596715
931,long,2022-02-25,16:00:00,39388.5,2022-02-25,18:00:00,38965.0,38.48029885768438,closed,-0.4447147676922349,-1.1556946824580778,24.870034141359646,0,38872.2,39521.8,0.0001953884959197958,0.030784239086147507
932,short,2022-02-25,18:00:00,38965.0,2022-02-26,02:00:00,39686.8,77.65112072183598,closed,-1.500953417074474,-1.9329449505966971,23.369080724285173,100000,40035.6,38548.5,0.0003985685652346259,0.06212089657746879
933,long,2022-02-26,02:00:00,39686.8,2022-02-26,04:00:00,39380.0,37.69584688820722,closed,-0.321755521324623,-0.8535569509257559,23.04732520296055,0,39289.1,39697.1,0.000189966673494498,0.030156677510565777
934,short,2022-02-26,04:00:00,39380.0,2022-02-26,21:00:00,39303.0,79.0302988919664,closed,0.09090290550052081,0.11502285424073132,23.13822810846107,100000,39447.4,38639.2,0.0004013727724325363,0.06322423911357312
935,long,2022-02-26,21:00:00,39303.0,2022-02-26,23:00:00,39126.7,55.55602613006558,closed,-0.293933119811432,-0.5290751342136807,22.84429498864964,0,39063.6,39641.1,0.00028270628771373985,0.04444482090405247
936,short,2022-02-26,23:00:00,39126.7,2022-02-27,10:00:00,39053.7,108.78091035283038,closed,0.11537543001593238,0.10606220304804649,22.95967041866557,100000,39225.4,38228.3,0.0005560443909291118,0.0870247282822643
937,long,2022-02-27,10:00:00,39053.7,2022-02-27,19:00:00,38900.1,61.66444129218209,closed,-0.2921764325390811,-0.4738167190304596,22.66749398612649,0,38654.3,39775.9,0.00031579308128132345,0.04933155303374567
938,short,2022-02-27,19:00:00,38900.1,2022-02-28,07:00:00,37959.9,97.65391996125538,closed,2.281631331592256,2.3364462302153393,24.949125317718746,100000,38939.6,36984.8,0.000502075418630057,0.0781231359690043
939,long,2022-02-28,07:00:00,37959.9,2022-03-01,07:00:00,43439.6,43.75664234819172,closed,6.281252678026492,14.354969533639434,31.230377995745236,0,37877.1,43993.7,0.000230541399467289,0.03500531387855338
940,short,2022-03-01,07:00:00,43439.6,2022-03-03,14:00:00,43968.1,112.035011277602,closed,-1.4531974355929564,-1.2970922384184018,29.77718056015228,100000,45333.0,42836.2,0.0005158197187709003,0.0896280090220816
941,long,2022-03-03,14:00:00,43968.1,2022-03-03,16:00:00,42549.5,71.18233179832454,closed,-2.3539178145440967,-3.306884946131397,27.423262745608184,0,42423.5,44045.0,0.0003237908019601691,0.056945865438659635
942,short,2022-03-03,16:00:00,42549.5,2022-03-04,09:00:00,41569.3,110.03237206473077,closed,2.44623947852034,2.223199802582867,29.869502224128524,100000,42753.2,40896.2,0.0005171970155453332,0.08802589765178462
943,long,2022-03-04,09:00:00,41569.3,2022-03-04,16:00:00,40694.6,66.80281763134404,closed,-1.459426601824743,-2.184678212045919,28.410075622303783,0,40583.9,41844.9,0.0003214045828596779,0.053442254105075235
944,short,2022-03-04,16:00:00,40694.6,2022-03-05,06:00:00,38994.1,113.28823047928633,closed,4.642773314019075,4.0981956328358065,33.05284893632286,100000,40922.0,38571.6,0.0005567727928486155,0.09063058438342907
945,long,2022-03-05,06:00:00,38994.1,2022-03-06,09:00:00,39137.3,67.31252647975984,closed,0.1929999198740945,0.28672214514504596,33.24584885619696,0,38811.8,39624.5,0.0003452446728082446,0.05385002118380788
946,short,2022-03-06,09:00:00,39137.3,2022-03-06,17:00:00,39189.9,166.22924428098338,closed,-0.35724271065694835,-0.214909664182247,32.88860614554001,100000,39320.2,38109.4,0.0008494671031521509,0.1329833954247867
947,long,2022-03-06,17:00:00,39189.9,2022-03-07,00:00:00,38401.1,85.78069967695092,closed,-1.7956249359893828,-2.093273828205744,31.092981209550626,0,38202.8,39214.6,0.00043776942363696217,0.06862455974156073
948,short,2022-03-07,00:00:00,38401.1,2022-03-07,10:00:00,38136.2,143.2289567357786,closed,0.8726985751854963,0.6093031710029179,31.96567978473612,100000,38525.9,37584.8,0.000745962780940018,0.1145831653886229
949,long,2022-03-07,10:00:00,38136.2,2022-03-07,20:00:00,37288.7,73.11414353942475,closed,-1.6836888824541756,-2.302822410203429,30.281990902281947,0,37232.3,39518.1,0.00038343696298752763,0.0584913148315398
950,short,2022-03-07,20:00:00,37288.7,2022-03-08,02:00:00,38257.2,108.21283213209723,closed,-2.8977642865849953,-2.6778379509073797,27.384226615696953,100000,38466.7,37134.0,0.0005804054962071472,0.08657026570567779
951,long,2022-03-08,02:00:00,38257.2,2022-03-08,17:00:00,38283.9,47.25188858890431,closed,-0.005071069343615675,-0.010731992932037988,27.37915554635334,0,38010.9,39162.1,0.00024702220020756516,0.03780151087112345
952,short,2022-03-08,17:00:00,38283.9,2022-03-09,02:00:00,39187.3,96.33604473896177,closed,-2.350851026898293,-2.4402611019253566,25.028304519455045,100000,39316.3,38283.9,0.000503271843981213,0.07706883579116942
953,long,2022-03-09,02:00:00,39187.3,2022-03-09,17:00:00,42233.4,51.4723168132035,closed,3.959596116211456,7.692671248082919,28.9879006356665,0,39115.6,42566.2,0.00026269897039705976,0.0411778534505628
954,short,2022-03-09,17:00:00,42233.4,2022-03-10,17:00:00,39115.4,117.9995632928356,closed,8.61669248105304,7.302308788778548,37.60459311671954,100000,42335.4,38526.9,0.000558797365558234,0.09439965063426849
955,long,2022-03-10,17:00:00,39115.4,2022-03-11,03:00:00,38251.0,63.213253897502426,closed,-1.4478253754015704,-2.2903826114522707,36.15676774131797,0,38208.5,39639.6,0.00032321415042414205,0.05057060311800194
956,short,2022-03-11,03:00:00,38251.0,2022-03-11,07:00:00,38917.1,137.53245342746987,closed,-2.505724734505406,-1.8219152440459032,33.651043006812564,100000,38941.0,38251.0,0.0007191051393556764,0.1100259627419759
957,long,2022-03-11,07:00:00,38917.1,2022-03-11,18:00:00,38790.6,67.57210678602416,closed,-0.27404802206205414,-0.40556382669828944,33.37699498475051,0,38573.0,40137.4,0.00034726177842657425,0.054057685428819335
958,short,2022-03-11,18:00:00,38790.6,2022-03-12,01:00:00,39123.0,127.64911075039014,closed,-1.1966136824890363,-0.9374242213319759,32.18038130226147,100000,39123.0,38319.9,0.0006581445543528078,0.10211928860031211
959,long,2022-03-12,01:00:00,39123.0,2022-03-12,15:00:00,38892.0,66.41757893577636,closed,-0.4456332132636811,-0.6709567262224266,31.734748088997794,0,38763.1,39258.6,0.00033953213677773364,0.05313406314862109
960,short,2022-03-12,15:00:00,38892.0,2022-03-12,18:00:00,39077.5,158.67374044498757,closed,-0.8845681603245746,-0.5574760876272755,30.85017992867322,100000,39323.1,38846.5,0.0008159711017432253,0.12693899235599007
961,long,2022-03-12,18:00:00,39077.5,2022-03-12,19:00:00,39030.1,90.34954135742679,closed,-0.18233370943713195,-0.2018092252575049,30.66784621923609,0,38997.1,39115.8,0.00046241208550918967,0.07227963308594143
962,short,2022-03-12,19:00:00,39030.1,2022-03-12,21:00:00,39114.4,153.33923109617905,closed,-0.4546501660644774,-0.2964995734061735,30.21319605317161,100000,39187.8,38926.6,0.0007857485945266811,0.12267138487694325
963,long,2022-03-12,21:00:00,39114.4,2022-03-13,00:00:00,38792.6,95.46716649073522,closed,-0.8622844875443619,-0.9032262287035029,29.35091156562725,0,38718.5,39145.8,0.0004881433256843271,0.07637373319258818
964,short,2022-03-13,00:00:00,38792.6,2022-03-13,03:00:00,39141.7,146.75455782813486,closed,-1.4388249237578883,-0.9804294633512539,27.91208664186936,100000,39166.1,38725.7,0.0007566110950445955,0.11740364626250789
965,long,2022-03-13,03:00:00,39141.7,2022-03-13,10:00:00,38964.0,90.37108833882694,closed,-0.48303571480601354,-0.5345024871173125,27.429050927063347,0,38931.0,39221.8,0.00046176373708258433,0.07229687067106155
966,short,2022-03-13,10:00:00,38964.0,2022-03-13,18:00:00,38921.0,137.14525463531533,closed,0.04093098083110448,0.029844985114464637,27.46998190789445,100000,39026.9,38408.7,0.0007039588062586763,0.10971620370825226
967,long,2022-03-13,18:00:00,38921.0,2022-03-13,21:00:00,38672.2,101.76552242500905,closed,-0.7324649367300576,-0.7197574574137431,26.737516971164393,0,38584.3,39018.9,0.0005229337500321628,0.08141241794000724
968,short,2022-03-13,21:00:00,38672.2,2022-03-14,05:00:00,38500.3,133.68758485582055,closed,0.48660701756027835,0.3639881878972341,27.22412398872467,100000,38845.8,37571.8,0.0006913885677867852,0.10695006788465644
969,long,2022-03-14,05:00:00,38500.3,2022-03-14,19:00:00,38665.4,73.02316709068634,closed,0.25434578902763955,0.3483083508440156,27.47846977775231,0,38405.8,39247.0,0.0003793381718619665,0.058418533672549074
970,short,2022-03-14,19:00:00,38665.4,2022-03-14,23:00:00,39312.0,137.39234888876013,closed,-2.4082315290318634,-1.7528134197499534,25.070238248720447,100000,39787.0,38600.0,0.0007106733611381759,0.10991387911100811
971,long,2022-03-14,23:00:00,39312.0,2022-03-15,04:00:00,38746.5,62.605445070566034,closed,-0.9509772202307304,-1.5190008140008138,24.119261028489717,0,38641.8,39765.5,0.000318505520302025,0.05008435605645283
972,short,2022-03-15,04:00:00,38746.5,2022-03-15,15:00:00,39012.5,110.22890854326303,closed,-0.8454885725965919,-0.7670297962396603,23.273772455893123,100000,39140.2,38161.9,0.0005689747902043438,0.08818312683461042
973,long,2022-03-15,15:00:00,39012.5,2022-03-16,05:00:00,39090.6,58.52749498170399,closed,0.0700454659582358,0.11967958987503632,23.343817921851358,0,38934.7,41642.1,0.0003000448316908888,0.04682199598536319
974,short,2022-03-16,05:00:00,39090.6,2022-03-16,09:00:00,40289.0,71.1032282262105,closed,-2.237057083661433,-3.146210290965095,21.106760838189924,100000,40404.0,38958.9,0.0003637868348207012,0.056882582580968406
975,long,2022-03-16,09:00:00,40289.0,2022-03-16,18:00:00,40417.9,34.428808098744966,closed,0.08243703747217003,0.23944203132368996,21.189197875662096,0,40091.5,41080.6,0.0001709092213693314,0.027543046478995973
976,short,2022-03-16,18:00:00,40417.9,2022-03-16,21:00:00,41227.6,72.59804567224809,closed,-1.5128090680142856,-2.0838151413111445,19.67638880764781,100000,41430.9,39428.1,0.0003592370987718219,0.05807843653779848
977,long,2022-03-16,21:00:00,41227.6,2022-03-17,04:00:00,40999.0,29.793869119556906,closed,-0.1891815441443434,-0.634968031124777,19.487207263503468,0,40818.5,41380.9,0.00014453360913347808,0.023835095295645526
978,short,2022-03-17,04:00:00,40999.0,2022-03-18,16:00:00,40902.2,71.01686071359755,closed,0.11051324488441916,0.15561550281714898,19.597720508387887,100000,41427.2,40194.9,0.00034643216036292377,0.05681348857087804
979,long,2022-03-18,16:00:00,40902.2,2022-03-19,05:00:00,41788.1,60.67314120004598,closed,1.2652832658411235,2.0854091955933947,20.86300377422901,0,40883.1,42247.7,0.00029667421899089044,0.048538512960036785
980,short,2022-03-19,05:00:00,41788.1,2022-03-19,21:00:00,42170.1,104.31501887114362,closed,-1.0375322487651384,-0.994614447653758,19.825471525463872,100000,42350.4,41541.0,0.0004992570558180134,0.0834520150969149
981,long,2022-03-19,21:00:00,42170.1,2022-03-19,23:00:00,41927.1,77.68469131766447,closed,-0.5101646401010203,-0.6567119357080017,19.31530688536285,0,41710.7,42336.6,0.00036843494000566505,0.06214775305413158
982,short,2022-03-19,23:00:00,41927.1,2022-03-20,00:00:00,42188.2,96.57653442681291,closed,-0.6791499449992777,-0.7032245969790387,18.636156940363573,100000,42220.9,41889.9,0.00046068788171284406,0.07726122754145033
983,long,2022-03-20,00:00:00,42188.2,2022-03-20,01:00:00,42018.0,67.75793518946523,closed,-0.3278836360255435,-0.48390440928979445,18.30827330433803,0,41908.4,42249.9,0.0003212174740304883,0.05420634815157219
984,short,2022-03-20,01:00:00,42018.0,2022-03-20,23:00:00,41426.1,91.5413665216888,closed,1.2158579289846434,1.3282060069494064,19.524131233322674,100000,42052.3,40956.2,0.00043572453006658483,0.07323309321735104
985,long,2022-03-20,23:00:00,41426.1,2022-03-21,03:00:00,40785.4,67.27846110764702,closed,-1.094682654897371,-1.6270922920574158,18.4294485784253,0,40500.0,41438.1,0.00032481194757723764,0.05382276888611762
986,short,2022-03-21,03:00:00,40785.4,2022-03-21,09:00:00,41135.3,92.14724289212519,closed,-0.8647054942389961,-0.9383954061992809,17.564743084186304,100000,41323.8,40687.2,0.00045186386742376047,0.07371779431370015
987,long,2022-03-21,09:00:00,41135.3,2022-03-21,17:00:00,40768.6,57.383207913808974,closed,-0.5577272892521578,-0.9719346643880179,17.007015794934148,0,40736.1,41463.0,0.0002789973959777076,0.04590656633104718
988,short,2022-03-21,17:00:00,40768.6,2022-03-21,18:00:00,41035.7,85.03507897466946,closed,-0.6255619645138266,-0.7356516534784088,16.38145383042032,100000,41040.0,40747.6,0.0004171596717800929,0.06802806317973557
989,long,2022-03-21,18:00:00,41035.7,2022-03-21,19:00:00,40924.3,48.89854407810199,closed,-0.1721024938601392,-0.3519583192195922,16.209351336560182,0,40924.3,41117.5,0.0002383219688130189,0.0391188352624816
990,short,2022-03-21,19:00:00,40924.3,2022-03-21,20:00:00,41168.0,81.04675668279967,closed,-0.5478585921456376,-0.6759784284642548,15.661492744414545,100000,41168.0,40867.4,0.00039608133398885096,0.06483740534623973
991,long,2022-03-21,20:00:00,41168.0,2022-03-22,16:00:00,42567.2,47.95024034057618,closed,1.5911186805526931,3.318270501360273,17.252611424967238,0,40856.4,43249.7,0.00023294908832382523,0.038360192272460944
992,short,2022-03-22,16:00:00,42567.2,2022-03-23,15:00:00,42364.0,86.26305712483492,closed,0.3423720411994639,0.39689300682214734,17.594983466166703,100000,42824.3,41779.9,0.0004053029427579682,0.06901044569986793
993,long,2022-03-23,15:00:00,42364.0,2022-03-23,19:00:00,42069.4,50.86473596048989,closed,-0.39464618781362715,-0.7758738551600382,17.200337278353075,0,42043.7,42714.0,0.00024013188537668723,0.04069178876839191
994,short,2022-03-23,19:00:00,42069.4,2022-03-23,21:00:00,42332.4,86.00168639176414,closed,-0.6068561789496418,-0.7056328828079315,16.593481099403434,100000,42379.2,42069.4,0.0004088562536749473,0.06880134911341132
995,long,2022-03-23,21:00:00,42332.4,2022-03-24,12:00:00,42949.5,49.77694186628257,closed,0.6855659850663196,1.377276223412796,17.279047084469752,0,42227.6,43350.0,0.00023517183937732126,0.03982155349302606
996,short,2022-03-24,12:00:00,42949.5,2022-03-24,15:00:00,43564.8,86.39523542234755,closed,-1.307227630903104,-1.5130783827518433,15.97181945356665,100000,43564.8,42700.0,0.0004023107855614038,0.06911618833787804
997,long,2022-03-24,15:00:00,43564.8,2022-03-25,01:00:00,43951.3,45.594460794090104,closed,0.3678219423083568,0.8067250624357277,16.339641395875006,0,43501.8,44158.0,0.0002093178933179544,0.036475568635272085
998,short,2022-03-25,01:00:00,43951.3,2022-03-25,12:00:00,44554.5,81.69820697937384,closed,-1.1869794981009432,-1.452883168415945,15.152661897774063,100000,44619.9,43638.6,0.00037176696470581685,0.06535856558349908
999,long,2022-03-25,12:00:00,44554.5,2022-03-25,17:00:00,44139.7,54.288525016401046,closed,-0.5490977645822797,-1.0114435130009378,14.603564133191783,0,44137.1,45053.5,0.0002436949130453761,0.04343082001312084
1000,short,2022-03-25,17:00:00,44139.7,2022-03-26,21:00:00,44541.1,73.01782066595774,closed,-0.7227585266444512,-0.9898385353774528,13.880805606547332,100000,44762.9,44041.0,0.00033084874009545943,0.0584142565327662
1001,long,2022-03-26,21:00:00,44541.1,2022-03-27,10:00:00,44520.0,69.4040280327355,closed,-0.08871292355833749,-0.12782100127746857,13.792092682988994,0,44258.9,44907.9,0.0003116403862173835,0.0555232224261884
1002,short,2022-03-27,10:00:00,44520.0,2022-03-27,16:00:00,44836.1,68.9604634149438,closed,-0.5451098482285099,-0.7904672057502213,13.246982834760484,100000,44879.9,44417.4,0.00030979543313092454,0.055168370731955046
1003,long,2022-03-27,16:00:00,44836.1,2022-03-28,09:00:00,47015.7,66.23491417380123,closed,3.166568897876308,4.780815280544023,16.41355173263679,0,44721.0,47427.5,0.0002954535036446133,0.052987931339040985
1004,short,2022-03-28,09:00:00,47015.7,2022-03-30,07:00:00,47406.0,82.06775866318279,closed,-0.7472873583666222,-0.9105736168981913,15.666264374270169,100000,48143.0,46670.7,0.00034910788805944735,0.06565420693054623
1005,long,2022-03-30,07:00:00,47406.0,2022-03-30,11:00:00,47273.7,50.377223643990796,closed,-0.18110636341565517,-0.35950048517065963,15.485158010854514,0,47191.4,47514.5,0.00021253522188748598,0.04030177891519264
1006,short,2022-03-30,11:00:00,47273.7,2022-03-30,18:00:00,47640.1,77.42579005427143,closed,-0.6623652790225202,-0.8554840429245045,14.822792731831994,100000,47666.0,46876.8,0.0003275639099722317,0.06194063204341715
1007,long,2022-03-30,18:00:00,47640.1,2022-03-30,20:00:00,47061.2,51.48722728209214,closed,-0.6670544067752359,-1.2955725953555965,14.155738325056758,0,46876.6,47674.4,0.00021615079431861877,0.04118978182567372
1008,short,2022-03-30,20:00:00,47061.2,2022-03-31,02:00:00,47380.1,70.77869162528262,closed,-0.5365401780549666,-0.7580532583104586,13.619198147001791,100000,47393.5,46851.1,0.00030079424929786166,0.0566229533002261
1009,long,2022-03-31,02:00:00,47380.1,2022-03-31,05:00:00,47011.8,48.202504617619226,closed,-0.4134582776908256,-0.8577526851990513,13.205739869310966,0,46981.0,47391.6,0.0002034715191298424,0.03856200369409538
1010,short,2022-03-31,05:00:00,47011.8,2022-03-31,08:00:00,47140.0,66.02869934655367,closed,-0.23316246990010056,-0.35312291807588114,12.972577399410865,100000,47157.5,46936.1,0.00028090266421006496,0.052822959477242935
1011,long,2022-03-31,08:00:00,47140.0,2022-03-31,14:00:00,46905.4,54.79778550343881,closed,-0.3167809529722748,-0.5780907933814139,12.65579644643859,0,46905.4,47560.0,0.000232489543926342,0.04383822840275105
1012,short,2022-03-31,14:00:00,46905.4,2022-04-01,08:00:00,44993.8,63.278982232191794,closed,2.528002018105724,3.9950105531559235,15.183798464544314,100000,46905.4,44273.2,0.0002698153399488835,0.050623185785753436
1013,long,2022-04-01,08:00:00,44993.8,2022-04-02,08:00:00,46578.0,45.66906929323137,closed,1.5712374990444398,3.440485044606139,16.755035963588753,0,44726.6,47222.6,0.00020300161041401866,0.03653525543458509
1014,short,2022-04-02,08:00:00,46578.0,2022-04-03,06:00:00,46337.9,83.77517981794261,closed,0.3644639395825541,0.43505002361629636,17.119499903171306,100000,46924.8,45537.7,0.00035971995284444423,0.06702014385435409
1015,long,2022-04-03,06:00:00,46337.9,2022-04-04,01:00:00,45846.9,55.73685622135393,closed,-0.6354221246937956,-1.140039406188023,16.48407777847751,0,45821.9,47413.6,0.0002405670357152738,0.04458948497708315
1016,short,2022-04-04,01:00:00,45846.9,2022-04-04,14:00:00,46150.8,82.4203888923864,closed,-0.6126262784219457,-0.7432945738970387,15.871451500055564,100000,46241.2,45754.9,0.0003595461804064676,0.06593631111390912
1017,long,2022-04-04,14:00:00,46150.8,2022-04-04,15:00:00,45890.1,55.73728046456086,closed,-0.35968417751838005,-0.6453206444958794,15.511767322537183,0,45878.7,46300.0,0.0002415441572608096,0.04458982437164869
1018,short,2022-04-04,15:00:00,45890.1,2022-04-04,21:00:00,46293.6,77.55883661268481,closed,-0.7443402510557325,-0.9597104386349125,14.767427071481452,100000,46350.0,45160.9,0.00033801990674539747,0.062047069290147853
1019,long,2022-04-04,21:00:00,46293.6,2022-04-05,11:00:00,46642.9,43.604617158604405,closed,0.2939386888501665,0.6740999187792759,15.061365760331618,0,46158.0,46889.1,0.00018838291754628893,0.034883693726883526
1020,short,2022-04-05,11:00:00,46642.9,2022-04-06,08:00:00,45255.0,75.30682880165698,closed,2.180251725771109,2.8951580626419062,17.241617486102726,100000,47150.0,44399.0,0.00032290800444079154,0.06024546304132558
1021,long,2022-04-06,08:00:00,45255.0,2022-04-06,12:00:00,44802.5,56.09919606754488,closed,-0.6060572611690855,-1.0803314550878358,16.63556022493364,0,44653.9,45434.5,0.0002479248528009939,0.04487935685403591
1022,short,2022-04-06,12:00:00,44802.5,2022-04-07,04:00:00,43292.0,83.1778011246671,closed,2.737395776813223,3.2910172423413875,19.372956001746864,100000,44968.1,42765.0,0.00037130874895225535,0.06654224089973368
1023,long,2022-04-07,04:00:00,43292.0,2022-04-08,12:00:00,43289.8,44.603879281993585,closed,-0.03815583072571163,-0.08554374942251938,19.334800171021154,0,43033.2,43952.1,0.00020606060834331324,0.03568310342559487
1024,short,2022-04-08,12:00:00,43289.8,2022-04-08,16:00:00,43636.3,96.67400085510464,closed,-0.8515833897647626,-0.8808815009540352,18.48321678125639,100000,43934.7,42783.0,0.00044663639404711794,0.07733920068408372
1025,long,2022-04-08,16:00:00,43636.3,2022-04-08,18:00:00,42983.9,57.74177301756186,closed,-0.9097469523126833,-1.5755438476681145,17.573469828943708,0,42814.4,43687.2,0.00026465017894533615,0.04619341841404949
1026,short,2022-04-08,18:00:00,42983.9,2022-04-09,06:00:00,42557.2,87.8673491447174,closed,0.8015540546832898,0.9122319752279444,18.375023883626998,100000,43199.8,42091.4,0.00040883842157048286,0.07029387931577392
1027,long,2022-04-09,06:00:00,42557.2,2022-04-10,10:00:00,42513.8,54.64365221991721,closed,-0.09969753427835573,-0.18245034917709382,18.275326349348642,0,42197.0,42861.6,0.00025680097478178644,0.043714921775933765
1028,short,2022-04-10,10:00:00,42513.8,2022-04-10,16:00:00,42722.6,91.37663174674205,closed,-0.5223134679203554,-0.5716050788214547,17.753012881428287,100000,42818.1,42440.7,0.0004298680981081063,0.07310130539739364
1029,long,2022-04-10,16:00:00,42722.6,2022-04-10,23:00:00,42087.4,88.76506440714024,closed,-1.3911873667990489,-1.567269033251715,16.36182551462924,0,41861.9,43369.5,0.0004155414904857862,0.0710120515257122
1030,short,2022-04-10,23:00:00,42087.4,2022-04-12,04:00:00,39719.8,81.80912757314502,closed,4.536284537320096,5.544961389869648,20.898110051949335,100000,42391.4,39274.6,0.00038875828667556096,0.06544730205851602
1031,long,2022-04-12,04:00:00,39719.8,2022-04-12,20:00:00,39281.1,45.09566605244768,closed,-0.5343793397649407,-1.1849904581594173,20.363730712184395,0,39281.1,40598.9,0.00022706894824469249,0.03607653284195815
1032,short,2022-04-12,20:00:00,39281.1,2022-04-13,00:00:00,40060.7,95.10765296421344,closed,-1.9641429176620704,-2.0651786227982374,18.399587794522326,100000,40170.0,39281.1,0.00048424129143131663,0.07608612237137076
1033,long,2022-04-13,00:00:00,40060.7,2022-04-13,12:00:00,39697.7,43.64113311632135,closed,-0.43057397951095033,-0.9866241977798692,17.969013815011376,0,39577.8,40236.1,0.000217875040208091,0.03491290649305708
1034,short,2022-04-13,12:00:00,39697.7,2022-04-13,14:00:00,40496.4,89.8450690750557,closed,-1.8799713777614087,-2.092459160102486,16.08904243724997,100000,40525.0,39633.9,0.00045264621917670653,0.07187605526004456
1035,long,2022-04-13,14:00:00,40496.4,2022-04-14,05:00:00,41271.0,41.88700369755568,closed,0.7674824769154024,1.8322687448760842,16.85652491416537,0,40408.2,41460.4,0.00020686778922351457,0.033509602958044546
1036,short,2022-04-14,05:00:00,41271.0,2022-04-15,03:00:00,39991.9,84.28262457082566,closed,2.5443121321193765,3.018786072544883,19.400837046284746,100000,41334.4,39567.0,0.00040843509762702947,0.06742609965666053
1037,long,2022-04-15,03:00:00,39991.9,2022-04-16,07:00:00,40409.1,66.37115282820443,closed,0.6389624880020413,0.9627111490076665,20.039799534286786,0,39943.7,40688.8,0.00033192297854417734,0.053096922262563545
1038,short,2022-04-16,07:00:00,40409.1,2022-04-16,22:00:00,40465.1,100.19899767143275,closed,-0.21951354330035253,-0.21907758400954241,19.820285990986434,100000,40544.0,39998.3,0.0004959229365238659,0.0801591981371462
1039,long,2022-04-16,22:00:00,40465.1,2022-04-17,03:00:00,40143.9,99.10142995493096,closed,-0.8664088067527314,-0.8742646873478557,18.953877184233704,0,40103.1,40644.6,0.0004898118623452356,0.07928114396394477
1040,short,2022-04-17,03:00:00,40143.9,2022-04-17,06:00:00,40345.9,94.76938592116731,closed,-0.5531575166948062,-0.5836879824830173,18.400719667538898,100000,40400.1,40129.8,0.00047214837582381037,0.07581550873693385
1041,long,2022-04-17,06:00:00,40345.9,2022-04-17,17:00:00,40175.2,92.00359833769326,closed,-0.46331818941826475,-0.5035870311481571,17.937401478120634,0,40175.2,40559.9,0.0004560740909866592,0.07360287867015461
1042,short,2022-04-17,17:00:00,40175.2,2022-04-18,13:00:00,39366.8,89.68700739060196,closed,1.7324738795483,1.9316888030426587,19.669875357668936,100000,40428.5,38601.0,0.00044647945693164926,0.07174960591248157
1043,long,2022-04-18,13:00:00,39366.8,2022-04-19,07:00:00,40686.3,66.69105961161922,closed,2.181665364245869,3.2713010963553044,21.851540721914805,0,39058.2,41170.3,0.00033881879965666105,0.05335284768929538
1044,short,2022-04-19,07:00:00,40686.3,2022-04-19,14:00:00,41419.6,109.25770360957276,closed,-2.0571238712470112,-1.8828181476319934,19.794416850667794,100000,41419.6,40582.9,0.0005370736764442711,0.0874061628876582
1045,long,2022-04-19,14:00:00,41419.6,2022-04-19,21:00:00,41284.9,61.444030104029714,closed,-0.24927303451677285,-0.40569121865010066,19.545143816151022,0,41182.1,41681.7,0.0002966906010875514,0.04915522408322377
1046,short,2022-04-19,21:00:00,41284.9,2022-04-20,11:00:00,41797.2,97.72571908075378,closed,-1.2913222088615326,-1.3213739648152123,18.25382160728949,100000,41837.2,41214.8,0.000473421125306123,0.07818057526460302
1047,long,2022-04-20,11:00:00,41797.2,2022-04-20,15:00:00,41537.8,74.15367550732199,closed,-0.5198871447473054,-0.7010942359775157,17.733934462542184,0,41500.0,42131.6,0.0003548260434063622,0.059322940405857595
1048,short,2022-04-20,15:00:00,41537.8,2022-04-21,02:00:00,41649.3,88.6696723127096,closed,-0.30937885225029627,-0.3489116900750642,17.424555610291886,100000,41716.6,40894.6,0.0004269348512088247,0.07093573785016768
1049,long,2022-04-21,02:00:00,41649.3,2022-04-21,07:00:00,41503.9,59.60435991507167,closed,-0.2560518111363974,-0.42958570732281565,17.168503799155488,0,41409.4,41718.4,0.00028622022418178295,0.04768348793205734
1050,short,2022-04-21,07:00:00,41503.9,2022-04-21,08:00:00,41833.7,85.8425189957762,closed,-0.7512130360743161,-0.8751060020865403,16.417290763081173,100000,41889.9,41434.5,0.00041366001265315407,0.06867401519662096
1051,long,2022-04-21,08:00:00,41833.7,2022-04-21,17:00:00,41805.1,58.858878283318376,closed,-0.08760791944561847,-0.1488440181002363,16.329682843635556,0,41735.0,42929.3,0.00028139456124281803,0.047087102626654706
1052,short,2022-04-21,17:00:00,41805.1,2022-04-22,08:00:00,40687.1,81.64841421817655,closed,2.1178263254026883,2.593836445792499,18.447509169038245,100000,41907.5,39915.8,0.00039061461026609944,0.06531873137454125
1053,long,2022-04-22,08:00:00,40687.1,2022-04-22,15:00:00,39848.7,53.368318037029816,closed,-1.1426666727315742,-2.141095531507533,17.30484249630667,0,39797.8,40739.9,0.00026233532513759804,0.042694654429623856
1054,short,2022-04-22,15:00:00,39848.7,2022-04-22,23:00:00,39683.5,86.52421248153215,closed,0.2890481534083243,0.33406620542200155,17.593890649714993,100000,39982.3,39180.1,0.00043426366471946214,0.06921936998522572
1055,long,2022-04-22,23:00:00,39683.5,2022-04-24,01:00:00,39540.5,47.84200931948149,closed,-0.21091401806830204,-0.4408552673025312,17.38297663164669,0,39277.3,39944.9,0.00024111789191720231,0.038273607455585196
1056,short,2022-04-24,01:00:00,39540.5,2022-04-24,04:00:00,39750.1,86.91488315823233,closed,-0.5306981155172921,-0.6105952125036319,16.8522785161294,100000,39785.2,39411.6,0.00043962460342298324,0.06953190652658586
1057,long,2022-04-24,04:00:00,39750.1,2022-04-24,13:00:00,39570.2,75.36376762091164,closed,-0.4017496405788337,-0.5330806211808309,16.450528875550564,0,39520.0,39788.1,0.00037918781397235053,0.060291014096729316
1058,short,2022-04-24,13:00:00,39570.2,2022-04-24,15:00:00,39729.9,82.2526443777517,closed,-0.39817844506340794,-0.4840919681983017,16.052350430487156,100000,39863.4,39343.3,0.00041573024335359287,0.06580211550220136
1059,long,2022-04-24,15:00:00,39729.9,2022-04-24,17:00:00,39460.5,73.82310798564512,closed,-0.5600089018924572,-0.7585821258044985,15.492341528594698,0,38900.6,39809.3,0.0003716249373174618,0.0590584863885161
1060,short,2022-04-24,17:00:00,39460.5,2022-04-24,20:00:00,39675.9,77.46170764297233,closed,-0.485196242809426,-0.6263691539640944,15.007145285785272,100000,39761.7,39190.6,0.0003926037817208212,0.061969366114377866
1061,long,2022-04-24,20:00:00,39675.9,2022-04-24,21:00:00,39479.1,55.37099802790243,closed,-0.31922658228348044,-0.5765230782414585,14.687918703501792,0,39452.9,39688.6,0.00027911653183873553,0.04429679842232195
1062,short,2022-04-24,21:00:00,39479.1,2022-04-24,22:00:00,39605.1,73.43959351750783,closed,-0.2935107423183184,-0.39966280892928163,14.394407961183473,100000,39615.3,39437.5,0.00037204289620334726,0.05875167481400627
1063,long,2022-04-24,22:00:00,39605.1,2022-04-24,23:00:00,39528.3,54.23462829930655,closed,-0.14883034459834366,-0.2744194055815934,14.24557761658513,0,39515.5,39728.1,0.0002738769921010504,0.04338770263944524
1064,short,2022-04-24,23:00:00,39528.3,2022-04-25,14:00:00,38716.7,71.22788808292452,closed,1.4051172078657255,1.972706541895315,15.650694824450856,100000,39543.7,38238.7,0.00036038933160760533,0.05698231046633962
1065,long,2022-04-25,14:00:00,38716.7,2022-04-26,09:00:00,40504.1,41.871710349726825,closed,1.8993409350113524,4.536095896602762,17.550035759462208,0,38649.0,40731.4,0.0002162979300907713,0.03349736827978146
1066,short,2022-04-26,09:00:00,40504.1,2022-04-27,04:00:00,38324.9,87.75017879730993,closed,4.650498245504005,5.299702301742286,22.200534004966215,100000,40609.6,37727.1,0.000433290352321419,0.07020014303784794
1067,long,2022-04-27,04:00:00,38324.9,2022-04-28,14:00:00,39085.7,53.2314355972676,closed,1.0138515262501435,1.904610527359486,23.214385531216358,0,38287.8,39813.1,0.0002777903430786126,0.04258514847781408
1068,short,2022-04-28,14:00:00,39085.7,2022-04-28,17:00:00,39882.3,116.07192765608073,closed,-2.4590966514760035,-2.118597236329414,20.755288879740355,100000,40143.1,38891.3,0.0005939355194154423,0.09285754212486459
1069,long,2022-04-28,17:00:00,39882.3,2022-04-28,23:00:00,39790.1,46.302071890275634,closed,-0.14431509567054313,-0.3116817234713253,20.610973784069813,0,39655.3,40291.4,0.00023219358908726747,0.03704165751222051
1070,short,2022-04-28,23:00:00,39790.1,2022-04-30,01:00:00,38619.7,99.65389573992019,closed,2.851030734110996,2.860932543522136,23.46200451818081,100000,39900.0,38189.0,0.0005008979406431258,0.07972311659193615
1071,long,2022-04-30,01:00:00,38619.7,2022-04-30,15:00:00,38238.3,67.13190067972043,closed,-0.7170336484003088,-1.068096748550595,22.7449708697805,0,38224.1,38752.4,0.00034765625149713974,0.05370552054377635
1072,short,2022-04-30,15:00:00,38238.3,2022-04-30,20:00:00,38447.7,113.72485434890149,closed,-0.7143530321685004,-0.6281415230279437,22.030617837612,100000,38585.4,38150.9,0.0005948217067646913,0.0909798834791212
1073,long,2022-04-30,20:00:00,38447.7,2022-04-30,23:00:00,38234.7,93.05294611966744,closed,-0.5904391034556868,-0.6345195161219007,21.440178734156312,0,38172.3,38447.7,0.00048404948082547174,0.07444235689573396
1074,short,2022-04-30,23:00:00,38234.7,2022-05-01,06:00:00,38044.1,107.20089367078053,closed,0.44807504563993195,0.4179769685652001,21.888253779796244,100000,38253.9,37488.9,0.0005607518493451265,0.08576071493662443
1075,long,2022-05-01,06:00:00,38044.1,2022-05-02,12:00:00,38516.0,74.55252983345163,closed,0.864717556789352,1.1598768797264265,22.752971336585595,0,37668.5,39082.1,0.00039192689449061294,0.059642023866761304
1076,short,2022-05-02,12:00:00,38516.0,2022-05-03,08:00:00,38553.1,113.7648566829269,closed,-0.20118503817303712,-0.17684287049537475,22.55178629841256,100000,39067.0,38085.2,0.0005907407658268092,0.09101188534634153
1077,long,2022-05-03,08:00:00,38553.1,2022-05-03,10:00:00,38455.2,76.38067752653139,closed,-0.25545841928019625,-0.334454246221449,22.296327879132363,0,38447.3,38639.8,0.00039623624313755003,0.06110454202122511
1078,short,2022-05-03,10:00:00,38455.2,2022-05-03,12:00:00,38561.9,111.48163939566072,closed,-0.3990884520904073,-0.3579858120618392,21.897239427041956,100000,38561.9,38334.6,0.0005798000759099459,0.08918531151652859
1079,long,2022-05-03,12:00:00,38561.9,2022-05-03,13:00:00,38442.6,81.54249238575925,closed,-0.317927140255091,-0.3898913694605372,21.579312286786866,0,38435.5,38577.5,0.00042291739974305856,0.0652339939086074
1080,short,2022-05-03,13:00:00,38442.6,2022-05-04,03:00:00,37949.8,107.89656143393323,closed,1.2962595318810626,1.2013909569071695,22.87557181866793,100000,38469.3,37505.3,0.000561338522544954,0.08631724914714659
1081,long,2022-05-04,03:00:00,37949.8,2022-05-05,03:00:00,39771.3,83.79048166368582,closed,3.954269551808931,4.719234778575909,26.82984137047686,0,37934.1,39968.6,0.00044158589327841427,0.06703238533094866
1082,short,2022-05-05,03:00:00,39771.3,2022-05-06,04:00:00,36441.4,134.1492068523832,closed,11.123809967891168,8.29211758227667,37.953651338368026,100000,39801.4,35667.1,0.0006746030773567029,0.10731936548190657
1083,long,2022-05-06,04:00:00,36441.4,2022-05-07,22:00:00,34972.2,80.21579356171385,closed,-3.298655587194305,-4.112227082384333,34.65499575117372,0,34972.2,36522.2,0.0004402453998019497,0.06417263484937108
1084,short,2022-05-07,22:00:00,34972.2,2022-05-08,11:00:00,34730.0,173.2749787558675,closed,1.0604050957412654,0.6119781998272833,35.71540084691499,100000,35689.3,34273.8,0.0009909298171454327,0.138619983004694
1085,long,2022-05-08,11:00:00,34730.0,2022-05-08,18:00:00,34063.7,92.59595845479505,closed,-1.8510766605191245,-1.9990901238122742,33.86432418639586,0,33756.2,34829.7,0.0005332332764456957,0.07407676676383605
1086,short,2022-05-08,18:00:00,34063.7,2022-05-08,19:00:00,34511.9,169.3216209319781,closed,-2.364334806408353,-1.396357295302637,31.49998937998751,100000,34606.7,33883.3,0.0009941469713036348,0.1354572967455825
1087,long,2022-05-08,19:00:00,34511.9,2022-05-09,03:00:00,33500.0,72.85119578110843,closed,-2.1947236111892527,-3.0126116498946782,29.305265768798257,0,33316.3,34697.3,0.0004221801510847472,0.05828095662488675
1088,short,2022-05-09,03:00:00,33500.0,2022-05-10,03:00:00,31032.8,126.18232231108333,closed,9.191346355328525,7.284179104477613,38.496612124126784,100000,33827.8,29822.3,0.000753327297379602,0.10094585784886667
1089,long,2022-05-10,03:00:00,31032.8,2022-05-10,22:00:00,30217.3,40.22133664205645,closed,-1.0893985994019855,-2.708509190276095,37.407213524724796,0,30217.3,32598.4,0.00025921822485922285,0.03217706931364516
1090,short,2022-05-10,22:00:00,30217.3,2022-05-11,03:00:00,31462.2,83.24877602113553,closed,-3.496854239645724,-4.2004872705370815,33.910359285079075,100000,31496.0,30160.1,0.0005510007579839067,0.06659902081690842
1091,long,2022-05-11,03:00:00,31462.2,2022-05-11,08:00:00,30598.9,39.744777162028605,closed,-1.1226163962416298,-2.824563317250539,32.78774288883744,0,30212.3,31763.7,0.0002526509726721501,0.031795821729622885
1092,short,2022-05-11,08:00:00,30598.9,2022-05-11,09:00:00,31395.0,73.22331829642202,closed,-1.964128473730005,-2.682381131347854,30.823614415107436,100000,31395.0,30423.7,0.00047860098432572426,0.05857865463713762
1093,long,2022-05-11,09:00:00,31395.0,2022-05-11,13:00:00,29298.7,34.00826976221935,closed,-2.2982159343793835,-6.7578149386845014,28.52539848072805,0,29088.8,32061.3,0.00021664768123726293,0.02720661580977548
1094,short,2022-05-11,13:00:00,29298.7,2022-05-11,15:00:00,31815.3,49.90670372017319,closed,-4.326982192218794,-8.67014222474034,24.198416288509257,100000,31859.5,29172.0,0.00034067520893536703,0.03992536297613856
1095,long,2022-05-11,15:00:00,31815.3,2022-05-11,17:00:00,30324.6,19.20449317104867,closed,-0.915307296740385,-4.766110141975719,23.283108991768874,0,30230.0,31815.3,0.00012072489130103236,0.015363594536838937
1096,short,2022-05-11,17:00:00,30324.6,2022-05-12,10:00:00,28043.3,35.26774244302559,closed,2.624722606095231,7.442275644196459,25.907831597864103,100000,30356.1,26668.0,0.0002326015343518173,0.02821419395442047
1097,long,2022-05-12,10:00:00,28043.3,2022-05-13,16:00:00,30327.4,17.61402727458218,closed,1.4204288557895415,8.064191304161787,27.328260453653645,0,27800.1,31014.6,0.000125620217838715,0.014091221819665746
1098,short,2022-05-13,16:00:00,30327.4,2022-05-14,18:00:00,29600.0,67.96401666045602,closed,1.575291498130043,2.317831663775996,28.903551951783687,100000,30488.0,28673.0,0.000448202065857647,0.05437121332836482
1099,long,2022-05-14,18:00:00,29600.0,2022-05-15,09:00:00,29577.5,48.02366569438906,closed,-0.07524789239546502,-0.1566891891891892,28.828304059388223,0,29295.2,30265.3,0.000324484227664791,0.03841893255551125
1100,short,2022-05-15,09:00:00,29577.5,2022-05-15,12:00:00,30224.8,109.05749124380019,closed,-2.4746933966079396,-2.269164060518973,26.353610662780284,100000,30266.6,29553.2,0.0007374354914634449,0.08724599299504016
1101,long,2022-05-15,12:00:00,30224.8,2022-05-15,18:00:00,29978.9,50.49168453016379,closed,-0.4515128112061299,-0.8942320213864041,25.902097851574155,0,29836.2,30519.0,0.0003341076502088602,0.040393347624131035
1102,short,2022-05-15,18:00:00,29978.9,2022-05-15,19:00:00,30305.2,100.58546882061563,closed,-1.1759440452755776,-1.1690993331976798,24.726153806298576,100000,30372.8,29943.1,0.0006710417581740199,0.08046837505649251
1103,long,2022-05-15,19:00:00,30305.2,2022-05-16,03:00:00,30489.7,47.41077224659514,closed,0.25039831372099414,0.5281464567136993,24.97655212001957,0,30197.1,31381.2,0.0003128886939970377,0.03792861779727611
1104,short,2022-05-16,03:00:00,30489.7,2022-05-16,21:00:00,29929.9,92.82653908304734,closed,1.6294528515508155,1.7553739131575554,26.606004971570385,100000,30500.2,29207.5,0.0006089042468968034,0.07426123126643787
1105,long,2022-05-16,21:00:00,29929.9,2022-05-17,15:00:00,30052.8,42.81444334789129,closed,0.141269653170232,0.32995793504153975,26.74727462474062,0,29802.6,30717.2,0.00028609813830244197,0.034251554678313034
1106,short,2022-05-17,15:00:00,30052.8,2022-05-17,23:00:00,30333.2,108.93146414413673,closed,-1.104227401218843,-1.0136900388649357,25.643047223521776,100000,30584.8,29486.8,0.0007249338773367988,0.08714517131530938
1107,long,2022-05-17,23:00:00,30333.2,2022-05-18,03:00:00,30204.8,49.558225044988696,closed,-0.24975259393447902,-0.5039579075072905,25.3932946295873,0,30089.4,30681.5,0.000326758964072295,0.03964658003599096
1108,short,2022-05-18,03:00:00,30204.8,2022-05-19,03:00:00,29160.0,105.47741438620054,closed,3.5634391786399235,3.3783907193558615,28.956733808227224,100000,30205.0,28642.1,0.0006984149167430379,0.08438193150896044
1109,long,2022-05-19,03:00:00,29160.0,2022-05-20,04:00:00,30172.6,54.8138457544262,closed,1.8592194803848336,3.3918792866940968,30.815953288612057,0,28859.7,30741.3,0.00037595230284242934,0.04385107660354096
1110,short,2022-05-20,04:00:00,30172.6,2022-05-21,03:00:00,29210.7,137.12779448316567,closed,4.261011589355968,3.1073289010559173,35.076964877968024,100000,30502.4,28737.7,0.0009089557710185114,0.10970223558653254
1111,long,2022-05-21,03:00:00,29210.7,2022-05-22,04:00:00,29343.9,82.55255628383837,closed,0.309830152001777,0.37531260805116173,35.386795029969804,0,29114.3,29630.9,0.0005652213489155574,0.0660420450270707
1112,short,2022-05-22,04:00:00,29343.9,2022-05-22,08:00:00,29430.1,176.93397514984775,closed,-0.6625104962757514,-0.3744393894472005,34.72428453369405,100000,29431.1,29257.1,0.0012059336022127104,0.1415471801198782
1113,long,2022-05-22,08:00:00,29430.1,2022-05-22,20:00:00,29932.7,158.61566387590088,closed,2.5808287994843933,1.6270957964804817,37.30511333317845,0,29403.4,30307.8,0.0010779145424303748,0.1268925311007207
1114,short,2022-05-22,20:00:00,29932.7,2022-05-22,23:00:00,30267.3,186.525566665891,closed,-2.2355260562265395,-1.1985091889472004,35.06958727695191,100000,30413.6,29902.8,0.001246299643305756,0.1492204533327128
1115,long,2022-05-22,23:00:00,30267.3,2022-05-23,04:00:00,30165.3,107.05067392020828,closed,-0.44710584574248063,-0.4176581327042716,34.62248143120943,0,30065.3,30469.1,0.0007073685060788923,0.08564053913616664
1116,short,2022-05-23,04:00:00,30165.3,2022-05-23,07:00:00,30472.5,173.1124071560459,closed,-1.9025948396414438,-1.0990516918446052,32.719886591567985,100000,30581.5,30112.7,0.0011477585646822402,0.13848992572483673
1117,long,2022-05-23,07:00:00,30472.5,2022-05-23,12:00:00,30393.8,108.26932963692067,closed,-0.3669485544750832,-0.3389219788333767,32.352938037092905,0,30294.4,30649.9,0.0007106035253879444,0.08661546370953654
1118,short,2022-05-23,12:00:00,30393.8,2022-05-24,06:00:00,29332.8,161.76469018546322,closed,5.516476006168766,3.4101854983582176,37.86941404326167,100000,30587.9,28926.2,0.001064458476304136,0.12941175214837058
1119,long,2022-05-24,06:00:00,29332.8,2022-05-25,10:00:00,29803.8,109.231363787404,closed,1.6658101740354578,1.52502918234877,39.53522421729713,0,28690.2,30188.9,0.0007447728398748433,0.08738509102992321
1120,short,2022-05-25,10:00:00,29803.8,2022-05-25,22:00:00,29809.9,197.67612108648444,closed,-0.19992615790453486,-0.10113824411652939,39.33529805939259,100000,30002.9,29355.7,0.0013265162233438987,0.15814089686918756
1121,long,2022-05-25,22:00:00,29809.9,2022-05-26,00:00:00,29536.7,103.33955415227678,closed,-1.0304451717547427,-0.997144975326991,38.30485288763785,0,29531.9,29861.7,0.0006933237223357125,0.08267164332182142
1122,short,2022-05-26,00:00:00,29536.7,2022-05-26,03:00:00,29798.1,191.52426443818803,closed,-1.849507337318479,-0.9656778177656875,36.45534555031937,100000,29865.0,29513.9,0.0012968562123608124,0.15321941155055044
1123,long,2022-05-26,03:00:00,29798.1,2022-05-26,06:00:00,29714.0,101.73533925061761,closed,-0.36920155811430866,-0.36290394354001954,36.086143992205066,0,29661.7,29858.2,0.0006828310479568673,0.0813882714004941
1124,short,2022-05-26,06:00:00,29714.0,2022-05-26,17:00:00,29575.2,180.43071996102407,closed,0.6972687304388608,0.3864467927576202,36.78341272264393,100000,29754.8,28128.4,0.0012144492155955044,0.14434457596881925
1125,long,2022-05-26,17:00:00,29575.2,2022-05-27,01:00:00,29071.0,75.1280026418483,closed,-1.3413976945391708,-1.78548297221997,35.44201502810476,0,29065.4,29659.0,0.0005080473007239058,0.06010240211347864
1126,short,2022-05-27,01:00:00,29071.0,2022-05-27,13:00:00,29242.5,160.27434710911746,closed,-1.0748365668357742,-0.6706229575865984,34.36717846126899,100000,29295.7,28634.7,0.0011026407561426676,0.12821947768729397
1127,long,2022-05-27,13:00:00,29242.5,2022-05-27,17:00:00,28725.5,78.65137831701736,closed,-1.453995493200297,-1.848658630418056,32.913182968068696,0,28651.5,29349.8,0.0005379251316885859,0.06292110265361389
1128,short,2022-05-27,17:00:00,28725.5,2022-05-27,23:00:00,28809.9,142.1613982969885,closed,-0.532411275464293,-0.3745118448765085,32.380771692604405,100000,28982.9,28279.0,0.000989792332923629,0.1137291186375908
1129,long,2022-05-27,23:00:00,28809.9,2022-05-29,02:00:00,28916.8,69.55402413758387,closed,0.2019562300278357,0.29035880027350947,32.58272792263224,0,28536.1,29215.2,0.0004828480774843638,0.0556432193100671
1130,short,2022-05-29,02:00:00,28916.8,2022-05-29,07:00:00,29027.5,162.9136396131599,closed,-0.7551276607464246,-0.4635140817794526,31.827600261885813,100000,29050.4,28836.8,0.0011267750208402028,0.1303309116905279
1131,long,2022-05-29,07:00:00,29027.5,2022-05-29,19:00:00,29163.5,155.52354037088307,closed,0.6031704117775651,0.3878322280595986,32.430770673663375,0,28946.4,29429.0,0.0010715600060004,0.12441883229670646
1132,short,2022-05-29,19:00:00,29163.5,2022-05-29,23:00:00,29415.8,162.1538533683156,closed,-1.5336645840747876,-0.9458082877569539,30.897106089588586,100000,29560.0,29073.1,0.0011120328723803082,0.1297230826946525
1133,long,2022-05-29,23:00:00,29415.8,2022-05-30,14:00:00,30508.7,138.79465739754056,closed,5.044728255965607,3.634670347228365,35.94183434555419,0,29304.0,30878.2,0.0009436741982032824,0.11103572591803246
1134,short,2022-05-30,14:00:00,30508.7,2022-05-30,21:00:00,31268.9,179.70917172776973,closed,-4.622845573485237,-2.572403806127435,31.318988772068955,100000,31315.7,30437.8,0.0011780847543669164,0.14376733738221578
1135,long,2022-05-30,21:00:00,31268.9,2022-05-31,06:00:00,31639.5,84.71282751927735,closed,0.9357070369346596,1.1045635759492611,32.254695809003614,0,31215.3,32167.9,0.0005418343946814717,0.06777026201542188
1136,short,2022-05-31,06:00:00,31639.5,2022-05-31,17:00:00,32148.5,161.2734790450168,closed,-2.724522995683194,-1.6893806792142734,29.53017281332042,100000,32288.8,31224.5,0.0010194439169077692,0.12901878323601346
1137,long,2022-05-31,17:00:00,32148.5,2022-05-31,19:00:00,31671.7,68.4968593118709,closed,-1.071112459898052,-1.5637395212840393,28.459060353422366,0,31622.1,32181.2,0.0004261278710476129,0.05479748744949673
1138,short,2022-05-31,19:00:00,31671.7,2022-06-02,05:00:00,29799.9,124.6543607861415,closed,7.266572025894852,5.829376509628467,35.72563237931722,100000,31977.5,29370.0,0.0007871655818042069,0.0997234886289132
1139,long,2022-06-02,05:00:00,29799.9,2022-06-03,09:00:00,30428.9,88.05312947874829,closed,1.7875438593322097,2.0300741948798486,37.51317623864943,0,29627.6,30686.5,0.0005909625836244302,0.07044250358299864
1140,short,2022-06-03,09:00:00,30428.9,2022-06-03,22:00:00,29789.0,187.5658811932458,closed,3.793103117284117,2.022277768831609,41.30627935593355,100000,30454.6,29315.1,0.0012328140760477426,0.15005270495459663
1141,long,2022-06-03,22:00:00,29789.0,2022-06-05,05:00:00,29704.9,122.22540313853138,closed,-0.4436664376734024,-0.3629903655711791,40.86261291826015,0,29476.8,29943.9,0.0008206076279064847,0.09778032251082511
1142,short,2022-06-05,05:00:00,29704.9,2022-06-05,06:00:00,29777.3,204.31306459129934,closed,-0.6628000030712224,-0.3244041218788746,40.19981291518892,100000,29799.6,29704.9,0.0013756185988931073,0.16345045167303948
1143,long,2022-06-05,06:00:00,29777.3,2022-06-05,07:00:00,29721.2,200.99906457594315,closed,-0.5408285805665085,-0.26907019776809366,39.65898433462241,0,29721.2,29779.1,0.0013500153779956085,0.16079925166075454
1144,short,2022-06-05,07:00:00,29721.2,2022-06-05,15:00:00,29771.4,198.2949216731106,closed,-0.49489638618728726,-0.2495759256019297,39.164087948435125,100000,29809.0,29545.3,0.0013343668605110869,0.1586359373384885
1145,long,2022-06-05,15:00:00,29771.4,2022-06-06,14:00:00,31437.1,195.82043974217413,closed,10.798117101607527,5.5142951960606394,49.962205050042655,0,29762.3,31575.5,0.0013154936599701333,0.15665635179373932
1146,short,2022-06-06,14:00:00,31437.1,2022-06-07,14:00:00,29549.6,249.8110252502117,closed,14.797347102920112,5.923416345655292,64.75955215296277,100000,31723.1,29214.3,0.0015892752528077446,0.1998488202001694
1147,long,2022-06-07,14:00:00,29549.6,2022-06-08,04:00:00,30006.0,180.45015422513964,closed,2.6415104250370907,1.4638449251428156,67.40106257799987,0,29502.9,31544.1,0.001221337373264881,0.14436012338011173
1148,short,2022-06-08,04:00:00,30006.0,2022-06-09,05:00:00,30248.7,215.2546338915454,closed,-1.9147002268845,-0.8895047657135264,65.48636235111536,100000,30808.9,29887.3,0.0014347439438215385,0.17220370711323635
1149,long,2022-06-09,05:00:00,30248.7,2022-06-09,13:00:00,30102.9,175.5045818157582,closed,-0.9875035059449442,-0.5626653707432032,64.49885884517042,0,30055.3,30653.5,0.001160410740400468,0.14040366545260657
1150,short,2022-06-09,13:00:00,30102.9,2022-06-09,18:00:00,30311.0,322.4942942258505,closed,-2.4895266661672224,-0.7719599108391502,62.009332179003195,100000,30392.9,29933.8,0.0021426127996030317,0.2579954353806804
1151,long,2022-06-09,18:00:00,30311.0,2022-06-09,19:00:00,30138.3,179.26104306029595,closed,-1.165949639605615,-0.6504199795453819,60.84338253939758,0,30138.3,30324.8,0.001182811804693319,0.14340883444823677
1152,short,2022-06-09,19:00:00,30138.3,2022-06-10,05:00:00,30081.0,304.21691269698647,closed,0.33299559865849226,0.10945992308789572,61.17637813805607,100000,30321.5,29665.2,0.002018806055397859,0.2433735301575892
1153,long,2022-06-10,05:00:00,30081.0,2022-06-10,10:00:00,29888.6,178.6056002402651,closed,-1.286444820815041,-0.7202712675775454,59.88993331724103,0,29864.9,30167.0,0.0011874977576560959,0.1428844801922121
1154,short,2022-06-10,10:00:00,29888.6,2022-06-10,11:00:00,29991.9,299.44966658620376,closed,-1.2765116310384457,-0.42628587488207176,58.613421686202585,100000,29997.6,29872.2,0.002003771783129379,0.23955973326896302
1155,long,2022-06-10,11:00:00,29991.9,2022-06-10,13:00:00,29631.7,202.36535840343973,closed,-2.593631361893042,-1.281657780934188,56.01979032430954,0,29533.1,30167.1,0.0013494667453775168,0.1618922867227518
1156,short,2022-06-10,13:00:00,29631.7,2022-06-11,01:00:00,29220.1,280.09895162154623,closed,3.6647530250810245,1.3083779870881596,59.684543349390566,100000,29700.0,28850.3,0.0018905358222548571,0.224079161297237
1157,long,2022-06-11,01:00:00,29220.1,2022-06-11,11:00:00,28913.5,161.22553714899237,closed,-1.8217876000338276,-1.1299621835654174,57.86275574935674,0,28807.6,29411.9,0.0011035248828648251,0.1289804297191939
1158,short,2022-06-11,11:00:00,28913.5,2022-06-11,20:00:00,28581.0,289.31377874678213,closed,3.0936036634831354,1.0692901239905235,60.95635941283987,100000,28950.1,28123.2,0.002001236645489354,0.23145102299742573
1159,long,2022-06-11,20:00:00,28581.0,2022-06-11,21:00:00,28397.2,150.74785745250102,closed,-1.0910893734417977,-0.7237843322486941,59.86527003939808,0,28390.5,28606.1,0.0010548816168258705,0.12059828596200083
1160,short,2022-06-11,21:00:00,28397.2,2022-06-11,22:00:00,28550.0,297.39499576967904,closed,-1.8402371533762931,-0.6187855140647646,58.02503288602178,100000,28610.1,28382.4,0.002094537459817722,0.23791599661574325
1161,long,2022-06-11,22:00:00,28550.0,2022-06-12,03:00:00,27409.5,146.81055825018987,closed,-5.98318588253681,-4.075446584938704,52.041847003484975,0,27313.1,28675.2,0.001028445241682591,0.1174484466001519
1162,short,2022-06-12,03:00:00,27409.5,2022-06-12,12:00:00,27443.8,212.68317230268366,closed,-0.43784822683473823,-0.20586876812783622,51.603998776650236,100000,27710.0,27200.0,0.0015518938492324462,0.17014653784214692
1163,long,2022-06-12,12:00:00,27443.8,2022-06-12,23:00:00,26982.5,120.1709711741657,closed,-2.1169539814400715,-1.7616184347648622,49.48704479521017,0,26922.9,28292.9,0.0008757604353199317,0.09613677693933256
1164,short,2022-06-12,23:00:00,26982.5,2022-06-13,18:00:00,23525.7,188.7508621208956,closed,24.02897633270994,12.730525340498469,73.51602112792011,100000,27156.6,22670.7,0.0013990613332411422,0.15100068969671648
1165,long,2022-06-13,18:00:00,23525.7,2022-06-14,01:00:00,21740.2,63.81706279128128,closed,-4.895038272428794,-7.670422389131887,68.62098285549132,0,21740.2,23759.4,0.0005425306179308695,0.05105365023302503
1166,short,2022-06-14,01:00:00,21740.2,2022-06-14,05:00:00,21963.9,113.11772651351222,closed,-1.2554815762842437,-1.1098893294449945,67.36550127920708,100000,22365.5,20834.7,0.0010406318848355785,0.09049418121080978
1167,long,2022-06-14,05:00:00,21963.9,2022-06-14,22:00:00,21468.6,51.36895446022163,closed,-1.199965716386209,-2.33597457646412,66.16553556282088,0,21361.5,23283.0,0.0004677580435188799,0.04109516356817731
1168,short,2022-06-14,22:00:00,21468.6,2022-06-15,00:00:00,22122.7,121.96366874974903,closed,-3.8146660629057205,-3.127706883541555,62.350869499915156,100000,22243.0,21463.9,0.0011362051437890598,0.09757093499979923
1169,long,2022-06-15,00:00:00,22122.7,2022-06-15,05:00:00,21133.7,60.4100888046466,closed,-2.7495200523821803,-4.551425278108007,59.601349447532975,0,20923.5,22253.9,0.0005461366723288441,0.04832807104371728
1170,short,2022-06-15,05:00:00,21133.7,2022-06-15,13:00:00,21183.6,114.49985900193205,closed,-0.3630356952236405,-0.3170621329913731,59.23831375230933,100000,21562.2,20122.3,0.0010835760799285696,0.09159988720154565
1171,long,2022-06-15,13:00:00,21183.6,2022-06-16,07:00:00,21788.4,53.90999193681179,closed,1.4955142166979383,2.774094677014307,60.73382796900727,0,20284.8,22935.9,0.0005089785677298645,0.043127993549449434
1172,short,2022-06-16,07:00:00,21788.4,2022-06-17,05:00:00,20519.1,118.60730975293322,closed,6.813585485909532,5.744658992858598,67.5474134549168,100000,21907.4,20227.0,0.0010887197752284079,0.09488584780234657
1173,long,2022-06-17,05:00:00,20519.1,2022-06-17,17:00:00,20564.8,80.3482681914999,closed,0.11388934616209968,0.14174461842868707,67.6613028010789,0,20408.0,21302.8,0.0007831558712760298,0.06427861455319993
1174,short,2022-06-17,17:00:00,20564.8,2022-06-18,01:00:00,20561.4,181.88777618484337,closed,-0.11720744709200927,-0.0644394304831663,67.54409535398689,100000,20758.2,20371.4,0.0017689233659927972,0.14551022094787472
1175,long,2022-06-18,01:00:00,20561.4,2022-06-18,02:00:00,20381.9,114.45167481199093,closed,-1.0918320394962495,-0.953967725933059,66.45226331449064,0,20380.0,20590.9,0.0011132673340530405,0.09156133984959275
1176,short,2022-06-18,02:00:00,20381.9,2022-06-18,04:00:00,20450.0,227.15007862845943,closed,-0.9429027971092668,-0.4151012417880499,65.50936051738137,100000,20512.0,20335.0,0.0022289391924056093,0.18172006290276754
1177,long,2022-06-18,04:00:00,20450.0,2022-06-18,07:00:00,19419.8,119.43189786913386,closed,-6.113277917530301,-5.118630806845969,59.39608259985107,0,19179.1,20522.1,0.0011680381209695245,0.0955455182953071
1178,short,2022-06-18,07:00:00,19419.8,2022-06-18,23:00:00,19173.6,169.64908271311808,closed,2.0133077241912587,1.1867483702200885,61.40939032404233,100000,19561.4,17616.6,0.0017471764149282493,0.13571926617049446
1179,long,2022-06-18,23:00:00,19173.6,2022-06-20,02:00:00,19788.6,63.48308385864002,closed,1.9847937033710032,3.126492260191096,63.39418402741333,0,17977.3,20764.7,0.0006621926384053076,0.05078646708691202
1180,short,2022-06-20,02:00:00,19788.6,2022-06-20,10:00:00,20643.3,122.1034674491998,closed,-5.372752982176262,-4.4001641349059595,58.021431045237065,100000,20977.2,19700.0,0.0012340788883417706,0.09768277395935984
1181,long,2022-06-20,10:00:00,20643.3,2022-06-20,17:00:00,20269.9,62.761194974004084,closed,-1.1860536340242729,-1.889788163714124,56.83537741121279,0,20230.2,20997.3,0.0006080538961697412,0.05020895597920327
1182,short,2022-06-20,17:00:00,20269.9,2022-06-21,02:00:00,20661.0,121.92783637427131,closed,-2.4512964747566817,-2.01044859619435,54.38408093645611,100000,20756.0,19840.0,0.0012030432944836562,0.09754226909941704
1183,long,2022-06-21,02:00:00,20661.0,2022-06-21,03:00:00,20424.8,67.41564380701747,closed,-0.8252919940630372,-1.2241846958036917,53.55878894239307,0,20369.7,20661.0,0.0006525883917237064,0.053932515045613985
1184,short,2022-06-21,03:00:00,20424.8,2022-06-21,06:00:00,20880.0,132.6078995949024,closed,-3.062768268851368,-2.3096423955191763,50.49602067354171,100000,21007.0,20369.1,0.0012984988797432769,0.10608631967592191
1185,long,2022-06-21,06:00:00,20880.0,2022-06-21,18:00:00,21232.1,66.18251298304662,closed,1.0624575489399042,1.6053448275862001,51.55847822248161,0,20852.8,21678.8,0.000633932116695849,0.0529460103864373
1186,short,2022-06-21,18:00:00,21232.1,2022-06-22,12:00:00,20497.5,148.98665969142976,closed,5.034130545334577,3.378913626066185,56.59260876781619,100000,21250.0,19975.8,0.0014034095514944805,0.11918932775314382
1187,long,2022-06-22,12:00:00,20497.5,2022-06-22,19:00:00,20210.0,93.84187601324639,closed,-1.3922247499390756,-1.4835858031467253,55.20038401787711,0,19879.1,20881.4,0.0009156421613684244,0.07507350081059712
1188,short,2022-06-22,19:00:00,20210.0,2022-06-23,01:00:00,20407.4,161.35039255771267,closed,-1.706657630691606,-1.0577337951509227,53.493726387185504,100000,20466.0,19772.8,0.001596738174742332,0.12908031404617015
1189,long,2022-06-23,01:00:00,20407.4,2022-06-23,16:00:00,20339.9,77.14833291160724,closed,-0.31765240301871267,-0.411742407166028,53.17607398416679,0,20165.8,20785.0,0.0007560819399983069,0.0617186663292858
1190,short,2022-06-23,16:00:00,20339.9,2022-06-23,20:00:00,20900.5,190.49927545400763,closed,-5.4047356498730466,-2.8371423654983485,47.771338334293745,100000,20902.5,20183.9,0.0018731584270719878,0.1523994203632061
1191,long,2022-06-23,20:00:00,20900.5,2022-06-24,07:00:00,20834.4,87.32937534152501,closed,-0.34688737937386266,-0.3972172914523507,47.424450954919884,0,20671.1,21312.0,0.0008356678102583672,0.06986350027322001
1192,short,2022-06-24,07:00:00,20834.4,2022-06-24,13:00:00,21206.4,176.93117036849344,closed,-3.3023646196623626,-1.8664685328111201,44.12208633525752,100000,21377.3,20753.2,0.0016984522747810682,0.14154493629479475
1193,long,2022-06-24,13:00:00,21206.4,2022-06-24,16:00:00,20875.4,81.28629461247276,closed,-1.334552423707321,-1.6417926663648708,42.7875339115502,0,20834.9,21360.9,0.0007666204033921153,0.06502903568997821
1194,short,2022-06-24,16:00:00,20875.4,2022-06-24,22:00:00,21306.6,154.18011441046104,closed,-3.3095489717544933,-2.1465472278375364,39.477984939795704,100000,21354.1,20824.3,0.0014771464442402162,0.12334409152836884
1195,long,2022-06-24,22:00:00,21306.6,2022-06-25,01:00:00,21183.4,77.40006023805805,closed,-0.51019276337617,-0.6591632639651427,38.967792176419536,0,21122.9,21486.3,0.0007265360051632645,0.06192004819044644
1196,short,2022-06-25,01:00:00,21183.4,2022-06-25,02:00:00,21319.9,157.81655124710906,closed,-1.144669668742044,-0.7253166158407053,37.82312250767749,100000,21326.9,21146.5,0.0014900020888725047,0.12625324099768725
1197,long,2022-06-25,02:00:00,21319.9,2022-06-25,03:00:00,21167.0,78.57601707107781,closed,-0.6271218192704968,-0.798108433904481,37.19600068840699,0,21147.8,21361.1,0.0007371143117095091,0.06286081365686226
1198,short,2022-06-25,03:00:00,21167.0,2022-06-25,08:00:00,21495.5,154.6462337673643,closed,-2.5252012332147062,-1.6328889308829784,34.67079945519228,100000,21515.7,21150.3,0.0014612012450263552,0.12371698701389144
1199,long,2022-06-25,08:00:00,21495.5,2022-06-25,12:00:00,21329.1,80.40852213293253,closed,-0.6875298037893253,-0.8550459398478821,33.983269651402956,0,21320.6,21530.1,0.0007481428404357427,0.06432681770634603
1200,short,2022-06-25,12:00:00,21329.1,2022-06-25,22:00:00,21508.1,169.91634825701308,closed,-1.5635136894919934,-0.9201667205836159,32.419755961910965,100000,21508.8,20934.1,0.001593281931792838,0.13593307860561046
1201,long,2022-06-25,22:00:00,21508.1,2022-06-26,10:00:00,21405.4,84.69743481760474,closed,-0.47297114858921535,-0.5584244075487705,31.94678481332175,0,21282.1,21530.6,0.0007875863959866725,0.0677579478540838
1202,short,2022-06-26,10:00:00,21405.4,2022-06-26,12:00:00,21699.5,159.73392406660705,closed,-2.3239476339323017,-1.4548867108299703,29.622837179389446,100000,21719.0,21365.1,0.00149246380882027,0.12778713925328564
1203,long,2022-06-26,12:00:00,21699.5,2022-06-26,14:00:00,21395.1,88.75876659154012,closed,-1.3169306660663034,-1.4837189796999999,28.305906513323144,0,21319.2,21817.5,0.0008180719978943305,0.0710070132732321
1204,short,2022-06-26,14:00:00,21395.1,2022-06-27,07:00:00,21258.0,141.52953256661402,closed,0.7923759275066011,0.5598661375735497,29.098282440829745,100000,21471.9,20928.4,0.0013230088437690317,0.11322362605329123
1205,long,2022-06-27,07:00:00,21258.0,2022-06-27,14:00:00,20729.9,85.2147375044166,closed,-2.1859131496602817,-2.5651820491109154,26.912369291169462,0,20729.9,21488.8,0.0008017192351530398,0.06817179000353328
1206,short,2022-06-27,14:00:00,20729.9,2022-06-28,05:00:00,20758.3,134.56184645584563,closed,-0.2932976862075031,-0.2179649684754766,26.61907160496196,100000,20950.5,20535.1,0.0012982392240758096,0.1076494771646765
1207,long,2022-06-28,05:00:00,20758.3,2022-06-28,16:00:00,20595.4,73.84133776147506,closed,-0.6392517066532252,-0.8657098124605476,25.979819898308733,0,20591.0,21196.0,0.0007114391617952825,0.059073070209180054
1208,short,2022-06-28,16:00:00,20595.4,2022-06-29,05:00:00,20297.1,129.89909949154196,closed,1.7762540386442873,1.367410586830083,27.75607393695302,100000,20747.5,20183.1,0.0012614379860701125,0.10391927959323358
1209,long,2022-06-29,05:00:00,20297.1,2022-06-29,06:00:00,20177.7,77.68085239308773,closed,-0.5198765719979365,-0.6692467396820128,27.236197364955082,0,20062.1,20323.2,0.0007654379432834024,0.06214468191447019
1210,short,2022-06-29,06:00:00,20177.7,2022-06-29,12:00:00,20096.9,136.1809868247737,closed,0.4350313593617346,0.31945087894060903,27.671228724316816,100000,20217.5,19899.4,0.00134981674645548,0.10894478945981896
1211,long,2022-06-29,12:00:00,20096.9,2022-06-30,07:00:00,19408.6,66.8898381609275,closed,-2.3450918442460202,-3.505901507197642,25.326136880070795,0,19408.6,20413.5,0.0006656731949795987,0.053511870528742
1212,short,2022-06-30,07:00:00,19408.6,2022-06-30,18:00:00,19092.9,122.0673480814247,closed,1.8866339279551656,1.5455680471543394,27.21277080802596,100000,19451.3,18798.7,0.00125786865700179,0.09765387846513976
1213,long,2022-06-30,18:00:00,19092.9,2022-06-30,21:00:00,18742.9,55.167899354892896,closed,-1.0560182320421685,-1.9141896726008096,26.156752575983795,0,18670.0,19109.6,0.0005778891562297282,0.04413431948391432
1214,short,2022-06-30,21:00:00,18742.9,2022-06-30,23:00:00,18885.0,99.12408239338085,closed,-0.8318699419882019,-0.8392208249523742,25.324882633995593,100000,18954.5,18724.9,0.0010577240703773785,0.07929926591470468
1215,long,2022-06-30,23:00:00,18885.0,2022-07-01,10:00:00,19415.0,48.77193794500556,closed,1.3292309390940324,2.7254011119936457,26.654113573089624,0,18885.0,20767.3,0.0005165150960551291,0.03901755035600445
1216,short,2022-07-01,10:00:00,19415.0,2022-07-01,18:00:00,19474.0,75.77270685031196,closed,-0.29166345239956293,-0.38491887715683754,26.362450120690063,100000,19593.3,19019.2,0.0007805584017544369,0.06061816548024957
1217,long,2022-07-01,18:00:00,19474.0,2022-07-02,00:00:00,19272.0,39.88392210753834,closed,-0.44602488700020615,-1.118307486905618,25.916425233689857,0,19212.2,19636.0,0.0004096120171257918,0.03190713768603067
1218,short,2022-07-02,00:00:00,19272.0,2022-07-02,11:00:00,19232.7,88.64116804734371,closed,0.10892671223351744,0.12288501452884637,26.025351945923376,100000,19352.1,18993.7,0.0009198958909022802,0.07091293443787497
1219,long,2022-07-02,11:00:00,19232.7,2022-07-03,02:00:00,19181.6,58.73032689818634,closed,-0.2036375535616365,-0.34673321998472484,25.821714392361738,0,19148.2,19389.5,0.0006107340820393012,0.04698426151854908
1220,short,2022-07-03,02:00:00,19181.6,2022-07-03,17:00:00,19148.1,129.10857196180697,closed,0.12085062034314631,0.0936038703757768,25.942565012704883,100000,19322.8,18791.7,0.0013461710385140654,0.10328685756944558
1221,long,2022-07-03,17:00:00,19148.1,2022-07-04,03:00:00,19066.1,77.24135611358886,closed,-0.39337895881763174,-0.509285412129663,25.54918605388725,0,19065.1,19626.1,0.0008067782820602448,0.0617930848908711
1222,short,2022-07-04,03:00:00,19066.1,2022-07-04,10:00:00,19358.1,127.74593026943457,closed,-2.0599836447735425,-1.6125630307194445,23.48920240911371,100000,19398.9,19052.4,0.0013400321016824059,0.10219674421554766
1223,long,2022-07-04,10:00:00,19358.1,2022-07-05,08:00:00,20207.7,77.49954246558649,closed,3.338546461474363,4.307827317763635,26.82774887058807,0,19358.1,20438.5,0.0008006936885911995,0.061999633972469194
1224,short,2022-07-05,08:00:00,20207.7,2022-07-05,19:00:00,20107.1,130.24564434173487,closed,0.5429163519934918,0.41684031334591354,27.37066522258156,100000,20207.7,19335.1,0.00128906945710531,0.1041965154733879
1225,long,2022-07-05,19:00:00,20107.1,2022-07-06,03:00:00,19855.2,55.734176003235646,closed,-0.7433746234249252,-1.3337859760979847,26.627290599156638,0,19798.8,20719.3,0.0005543730921240323,0.04458734080258852
1226,short,2022-07-06,03:00:00,19855.2,2022-07-06,10:00:00,20192.3,92.66376594335932,closed,-1.6483024264244044,-1.7787993069825463,24.978988172732233,100000,20291.5,19786.1,0.0009333954424368359,0.07413101275468746
1227,long,2022-07-06,10:00:00,20192.3,2022-07-06,11:00:00,20125.0,47.09427499285447,closed,-0.1951049135149644,-0.414285841632698,24.78388325921727,0,20051.1,20202.4,0.00046645775857980003,0.03767541999428358
1228,short,2022-07-06,11:00:00,20125.0,2022-07-06,14:00:00,20219.9,95.24398285141714,closed,-0.5262673735690795,-0.5525465838509389,24.25761588564819,100000,20294.5,19959.5,0.0009465240531817854,0.07619518628113373
1229,long,2022-07-06,14:00:00,20219.9,2022-07-06,16:00:00,20140.1,47.84609182070947,closed,-0.22757985446324397,-0.4756498301178685,24.030036031184945,0,20054.3,20262.7,0.0004732574525166738,0.03827687345656758
1230,short,2022-07-06,16:00:00,20140.1,2022-07-06,17:00:00,20291.9,99.03527551385122,closed,-0.8266605508416982,-0.8347132337972648,23.203375480343247,100000,20312.2,20131.9,0.000983463592671846,0.07922822041108098
1231,long,2022-07-06,17:00:00,20291.9,2022-07-07,05:00:00,20411.3,48.81154769601441,closed,0.24768273299250473,0.5074265100852942,23.451058213335752,0,20182.3,20639.9,0.0004810939113243649,0.03904923815681153
1232,short,2022-07-07,05:00:00,20411.3,2022-07-07,15:00:00,20908.7,117.25529106667709,closed,-2.952330286303082,-2.5178653001033813,20.49872792703267,100000,20946.8,20276.6,0.0011489252626405676,0.09380423285334168
1233,long,2022-07-07,15:00:00,20908.7,2022-07-08,07:00:00,21823.0,55.91836029904675,closed,2.399940167173036,4.291864343550767,22.898668094205707,0,20826.0,22423.8,0.0005348812723798873,0.0447346882392374
1234,short,2022-07-08,07:00:00,21823.0,2022-07-09,11:00:00,21725.5,92.14137412041538,closed,0.33710831397940505,0.36585987261146496,23.235776408185114,100000,22111.1,21193.2,0.000844442781656192,0.07371309929633231
1235,long,2022-07-09,11:00:00,21725.5,2022-07-09,12:00:00,21437.4,58.168831812615856,closed,-0.8184424651222323,-1.4070120365469083,22.417333943062882,0,21378.8,21753.6,0.0005354890042817506,0.046535065450092686
1236,short,2022-07-09,12:00:00,21437.4,2022-07-09,17:00:00,21683.5,102.0669930674462,closed,-1.254328470722154,-1.228926642223397,21.16300547234073,100000,21698.7,21385.0,0.0009522329486546521,0.08165359445395697
1237,long,2022-07-09,17:00:00,21683.5,2022-07-10,00:00:00,21580.0,53.95048779060464,closed,-0.30117526716128673,-0.5582438259506075,20.86183020517944,0,21528.6,21948.1,0.0004976178918588294,0.04316039023248371
1238,short,2022-07-10,00:00:00,21580.0,2022-07-10,22:00:00,21028.7,104.30915102589545,closed,2.5803512487052758,2.473753475440219,23.442181453884718,100000,21590.7,20699.9,0.0009667205841139523,0.08344732082071636
1239,long,2022-07-10,22:00:00,21028.7,2022-07-11,01:00:00,20804.1,63.96923059954691,closed,-0.7350161848514287,-1.149015203032057,22.70716526903329,0,20673.0,21028.7,0.000608399288586997,0.05117538447963753
1240,short,2022-07-11,01:00:00,20804.1,2022-07-11,10:00:00,20542.9,113.53582634516464,closed,1.333546855100374,1.1745603991520763,24.040712124133663,100000,20804.1,20371.3,0.0010914754913230052,0.09082866107613172
1241,long,2022-07-11,10:00:00,20542.9,2022-07-11,23:00:00,19998.3,69.28813180509597,closed,-1.8929594914887167,-2.73201115713946,22.147752632644945,0,19976.9,20702.8,0.0006745701123511867,0.05543050544407678
1242,short,2022-07-11,23:00:00,19998.3,2022-07-12,13:00:00,19862.0,108.869452920046,closed,0.6538240429513218,0.6005578474170269,22.801576675596266,100000,20048.2,19575.7,0.0010887870761019287,0.08709556233603681
1243,long,2022-07-12,13:00:00,19862.0,2022-07-12,20:00:00,19383.6,61.41784283433423,closed,-1.5290748432188546,-2.489626422313974,21.27250183237741,0,19319.3,19989.3,0.0006184457036988645,0.04913427426746739
1244,short,2022-07-12,20:00:00,19383.6,2022-07-13,03:00:00,19497.9,103.01048832100595,closed,-0.6908970569909987,-0.6707055448936364,20.581604775386413,100000,19536.7,19270.6,0.0010628622992736743,0.08240839065680476
1245,long,2022-07-13,03:00:00,19497.9,2022-07-13,14:00:00,19282.4,53.847489167860864,closed,-0.638778216153761,-1.1862729832443493,19.942826559232653,0,18937.8,20040.8,0.0005523414231056767,0.0430779913342887
1246,short,2022-07-13,14:00:00,19282.4,2022-07-13,17:00:00,19620.6,72.22379526308657,closed,-1.3252837201205783,-1.834968261212282,18.617542839112076,100000,19657.9,19205.4,0.0007491162434456974,0.05777903621046926
1247,long,2022-07-13,17:00:00,19620.6,2022-07-14,08:00:00,19981.3,31.149005217130753,closed,0.5473984813596461,1.7573546170861276,19.164941320471723,0,19582.2,20402.1,0.0003175132790753673,0.024919204173704603
1248,short,2022-07-14,08:00:00,19981.3,2022-07-14,16:00:00,20379.3,75.15292128596406,closed,-1.5578173446644552,-2.0728633272109427,17.60712397580727,100000,20425.1,19652.5,0.0007522325502941656,0.06012233702877125
1249,long,2022-07-14,16:00:00,20379.3,2022-07-15,03:00:00,20480.9,33.987517327142385,closed,0.1419195363668176,0.41756370434706874,17.749043512174087,0,20171.7,20858.0,0.00033354940873476895,0.027190013861713908
1250,short,2022-07-15,03:00:00,20480.9,2022-07-15,08:00:00,20823.4,67.88178514704707,closed,-1.1901484706544905,-1.7532663115390437,16.558895041519595,100000,20882.2,20454.8,0.0006628789276550061,0.05430542811763766
1251,long,2022-07-15,08:00:00,20823.4,2022-07-15,15:00:00,20880.1,34.33692288465981,closed,0.06569661817887756,0.19132936984352739,16.62459165969847,0,20738.0,21057.2,0.00032979170437738136,0.027469538307727852
1252,short,2022-07-15,15:00:00,20880.1,2022-07-15,20:00:00,21156.7,72.40454825907649,closed,-1.0177647772087302,-1.4056641491180704,15.60682688248974,100000,21161.9,20659.0,0.0006935268342496109,0.0579236386072612
1253,long,2022-07-15,20:00:00,21156.7,2022-07-15,21:00:00,20923.2,35.190543951836595,closed,-0.41687232633278676,-1.1846146138102824,15.189954556156954,0,20896.7,21166.5,0.00033266571773326274,0.02815243516146928
1254,short,2022-07-15,21:00:00,20923.2,2022-07-16,14:00:00,20827.8,66.18270179229361,closed,0.24818336037097738,0.3749973235451625,15.43813791652793,100000,20994.7,20488.6,0.0006326250458084195,0.05294616143383489
1255,long,2022-07-16,14:00:00,20827.8,2022-07-17,03:00:00,21154.2,49.721057542860514,closed,0.7389424123838437,1.4861759763393227,16.177080328911774,0,20737.4,21564.1,0.0004774489628559955,0.03977684603428841
1256,short,2022-07-17,03:00:00,21154.2,2022-07-17,07:00:00,21566.3,80.88540164455708,closed,-1.6411825485636988,-2.029021943632936,14.535897780348076,100000,21569.9,21154.2,0.0007647219147456021,0.06470832131564566
1257,long,2022-07-17,07:00:00,21566.3,2022-07-17,11:00:00,21377.8,37.70184713840828,closed,-0.36004368073199794,-0.9549762360720199,14.175854099616078,0,21236.0,21642.2,0.0003496366751682791,0.03016147771072663
1258,short,2022-07-17,11:00:00,21377.8,2022-07-18,03:00:00,21323.2,70.87927049807857,closed,0.1236627725964464,0.1744695899484444,14.299516872212525,100000,21475.0,20752.7,0.0006631109889518901,0.05670341639846286
1259,long,2022-07-18,03:00:00,21323.2,2022-07-18,18:00:00,21875.2,34.51446210505335,closed,0.865550816335337,2.5077917010580024,15.165067688547863,0,21165.2,22729.7,0.0003237268524898078,0.02761156968404268
1260,short,2022-07-18,18:00:00,21875.2,2022-07-19,13:00:00,22167.9,50.14644960370453,closed,-0.711557653435025,-1.418959186658868,14.453510035112838,100000,22930.7,21440.0,0.00045847763315265264,0.04011715968296363
1261,long,2022-07-19,13:00:00,22167.9,2022-07-20,01:00:00,23033.6,23.876927716657796,closed,0.9131239252262583,3.824294046797382,15.366633960339097,0,22058.0,23723.8,0.0002154189410513201,0.019101542173326238
1262,short,2022-07-20,01:00:00,23033.6,2022-07-20,15:00:00,24173.9,44.30911752521415,closed,-2.2293965046301873,-5.031462211725492,13.13723745570891,100000,24173.9,22966.5,0.0003847346270249909,0.03544729402017132
1263,long,2022-07-20,15:00:00,24173.9,2022-07-20,17:00:00,23680.1,21.986831516954453,closed,-0.4668961459467329,-2.1235262824782217,12.670341309762177,0,23615.2,24221.4,0.0001819055387583671,0.017589465213563565
1264,short,2022-07-20,17:00:00,23680.1,2022-07-21,17:00:00,23026.8,40.15940181489441,closed,1.0754736003891034,2.678012001638504,13.745814910151282,100000,23899.8,22343.9,0.00033918270459072734,0.03212752145191553
1265,long,2022-07-21,17:00:00,23026.8,2022-07-22,17:00:00,23100.8,23.781975422593394,closed,0.05719472757216,0.24049611756735637,13.803009637723441,0,22797.2,23715.2,0.00020655910002773635,0.019025580338074718
1266,short,2022-07-22,17:00:00,23100.8,2022-07-23,05:00:00,22885.6,58.05949416930302,closed,0.4939142642711597,0.8507036985732128,14.296923901994601,100000,23183.0,22503.6,0.000502662194982884,0.04644759533544242
1267,long,2022-07-23,05:00:00,22885.6,2022-07-23,09:00:00,22601.5,35.15610709069307,closed,-0.4648572084381359,-1.322265878980663,13.832066693556465,0,22591.8,22984.1,0.0003072334314214447,0.028124885672554455
1268,short,2022-07-23,09:00:00,22601.5,2022-07-23,21:00:00,22313.5,69.16033346778049,closed,0.8253364666296304,1.193366811937261,14.657403160186096,100000,22689.2,21964.6,0.0006119977299540339,0.055328266774224394
1269,long,2022-07-23,21:00:00,22313.5,2022-07-24,23:00:00,22647.8,35.19269586600411,closed,0.49878602251852366,1.4172998409034852,15.156189182704619,0,22216.7,22985.1,0.0003154385987496727,0.028154156692803287
1270,short,2022-07-24,23:00:00,22647.8,2022-07-25,13:00:00,21962.0,75.78094591352126,closed,2.2334354397699525,2.947225602486773,17.38962462247457,100000,22747.1,21742.6,0.0006692124260504002,0.06062475673081701
1271,long,2022-07-25,13:00:00,21962.0,2022-07-26,00:00:00,21300.0,48.644101016643475,closed,-1.5056361483673315,-3.095208086695201,15.88398847410724,0,21281.2,22236.5,0.0004429842547731853,0.03891528081331478
1272,short,2022-07-26,00:00:00,21300.0,2022-07-26,10:00:00,21108.9,65.06613448644386,closed,0.531098504310471,0.8162441314553921,16.415086978417712,100000,21325.2,20905.1,0.0006109496195910221,0.05205290758915509
1273,long,2022-07-26,10:00:00,21108.9,2022-07-28,08:00:00,22916.9,41.18639697421738,closed,3.494319875593656,8.484160140983187,19.90940685401137,0,20734.1,23406.1,0.00039022778992953096,0.0329491175793739
1274,short,2022-07-28,08:00:00,22916.9,2022-07-28,17:00:00,23762.5,85.90321150907587,closed,-3.239174781084794,-3.7707260580619475,16.670232072926574,100000,23936.3,22652.5,0.0007496931217492407,0.0687225692072607
1275,long,2022-07-28,17:00:00,23762.5,2022-07-29,00:00:00,23836.2,29.559536421419654,closed,0.06778323575394754,0.2293108890057895,16.73801530868052,0,23681.5,24188.3,0.0002487914690913806,0.023647629137135726
1276,short,2022-07-29,00:00:00,23836.2,2022-07-30,12:00:00,23956.3,63.50123283389111,closed,-0.3712882413630178,-0.5846945402371123,16.366727067317502,100000,24344.8,23448.0,0.0005328133916806463,0.05080098626711289
1277,long,2022-07-30,12:00:00,23956.3,2022-07-30,20:00:00,23915.0,45.318902560027176,closed,-0.11476200567533877,-0.2532320934367965,16.251965061642164,0,23895.3,24596.1,0.00037834642711960677,0.03625512204802174
1278,short,2022-07-30,20:00:00,23915.0,2022-07-31,11:00:00,23816.2,76.43087690887702,closed,0.25397486624271726,0.3322935396194826,16.50593992788488,100000,24061.7,23518.0,0.0006391877642389883,0.06114470152710162
1279,long,2022-07-31,11:00:00,23816.2,2022-07-31,23:00:00,23369.1,50.45245681850514,closed,-0.9879263936556698,-1.9581333714026679,15.518013534229212,0,23225.9,24129.6,0.0004236818368883797,0.04036196545480412
1280,short,2022-07-31,23:00:00,23369.1,2022-08-01,14:00:00,23233.1,77.59006767114425,closed,0.3888110003984065,0.5011092425467819,15.906824534627619,100000,23445.0,22964.0,0.0006640398446764682,0.062072054136915404
1281,long,2022-08-01,14:00:00,23233.1,2022-08-01,18:00:00,22954.5,43.154850888102075,closed,-0.5523872922914931,-1.2800120517709586,15.354437242336125,0,22884.2,23485.6,0.00037149455637088533,0.03452388071048166
1282,short,2022-08-01,18:00:00,22954.5,2022-08-01,23:00:00,23152.9,76.77218621167881,closed,-0.7256428979222509,-0.9451898320590797,14.628794344413874,100000,23173.6,22859.1,0.0006689075014631451,0.06141774896934305
1283,long,2022-08-01,23:00:00,23152.9,2022-08-02,04:00:00,22845.3,38.755027000398435,closed,-0.54622230141506,-1.409423096026857,14.082572042998814,0,22799.9,23417.2,0.00033477471073082367,0.03100402160031875
1284,short,2022-08-02,04:00:00,22845.3,2022-08-02,12:00:00,22872.0,70.41286021499226,closed,-0.13924038082927315,-0.19774850844594175,13.943331662169541,100000,22954.3,22650.1,0.0006164319156674877,0.056330288171993814
1285,long,2022-08-02,12:00:00,22872.0,2022-08-03,01:00:00,22783.4,41.44988326092144,closed,-0.1940880997518713,-0.46824763903462124,13.74924356241767,0,22666.1,23411.0,0.00036245088545751525,0.033159906608737154
1286,short,2022-08-03,01:00:00,22783.4,2022-08-03,07:00:00,23028.6,65.81526718504874,closed,-0.7615484525539578,-1.1570999938551625,12.987695109863711,100000,23047.5,22688.9,0.0005777475458891012,0.052652213748038995
1287,long,2022-08-03,07:00:00,23028.6,2022-08-03,22:00:00,23262.2,37.35742406994056,closed,0.34873989027446667,0.9335223157291463,13.336435000138177,0,22958.9,23604.1,0.0003244437271040408,0.029885939255952454
1288,short,2022-08-03,22:00:00,23262.2,2022-08-04,15:00:00,22911.0,66.68217500068906,closed,0.9528120363594623,1.4288856599977677,14.28924703649764,100000,23262.2,22719.5,0.0005733092742792088,0.05334574000055125
1289,long,2022-08-04,15:00:00,22911.0,2022-08-04,17:00:00,22578.9,40.19950412808686,closed,-0.6152112039206531,-1.530395006765303,13.674035832576987,0,22530.8,22951.7,0.00035091880867781295,0.03215960330246949
1290,short,2022-08-04,17:00:00,22578.9,2022-08-05,01:00:00,22619.7,68.3701791628831,closed,-0.17884644939827957,-0.26158546253360115,13.495189383178706,100000,22682.0,22420.0,0.0006056112491120745,0.054696143330306486
1291,long,2022-08-05,01:00:00,22619.7,2022-08-05,16:00:00,22979.1,40.439342415597494,closed,0.6098237890322179,1.5079963041065876,14.105013172210924,0,22619.7,23435.1,0.00035755860966854114,0.032351473932477996
1292,short,2022-08-05,16:00:00,22979.1,2022-08-05,23:00:00,23230.9,70.52506586105281,closed,-0.8298322662648968,-1.1766486938130865,13.275180905946028,100000,23268.8,22759.5,0.0006138192171238457,0.05642005268884225
1293,long,2022-08-05,23:00:00,23230.9,2022-08-06,08:00:00,23196.5,36.604764312680516,closed,-0.08380278597195799,-0.22893955894950888,13.19137811997407,0,23137.1,23338.7,0.0003151385810509323,0.029283811450144415
1294,short,2022-08-06,08:00:00,23196.5,2022-08-07,11:00:00,22985.1,65.95689059986854,closed,0.5477602260880932,0.8304821848123703,13.739138346062163,100000,23246.8,22843.1,0.0005686796766742272,0.05276551247989484
1295,long,2022-08-07,11:00:00,22985.1,2022-08-08,17:00:00,23934.8,68.695691730309,closed,2.7828191925524006,4.050936998316304,16.521957538614565,0,22952.3,24221.0,0.0005977410733937116,0.054956553384247195
1296,short,2022-08-08,17:00:00,23934.8,2022-08-09,22:00:00,23177.5,82.60978769307101,closed,2.547005668116847,3.0831766298444077,19.06896320673141,100000,24082.5,22884.7,0.000690290185780295,0.06608783015445681
1297,long,2022-08-09,22:00:00,23177.5,2022-08-10,01:00:00,22761.4,72.22299179893211,closed,-1.3550033523818847,-1.8761384963865757,17.713959854349525,0,22709.7,23237.4,0.0006232164107339628,0.057778393439145696
1298,short,2022-08-10,01:00:00,22761.4,2022-08-10,05:00:00,22935.0,88.56979927174581,closed,-0.7471512831699467,-0.8435734181552917,16.966808571179577,100000,22982.9,22761.4,0.0007782456199684185,0.07085583941739665
1299,long,2022-08-10,05:00:00,22935.0,2022-08-11,11:00:00,24471.8,57.84294001594606,closed,3.8290891373485985,6.6198037933289715,20.795897708528177,0,22823.2,24692.7,0.0005044075867970008,0.046274352012756856
1300,short,2022-08-11,11:00:00,24471.8,2022-08-11,13:00:00,24851.6,103.97948854263905,closed,-1.6977851177427474,-1.632807721540709,19.09811259078543,100000,24851.6,24470.0,0.0008497902773203364,0.08318359083411124
1301,long,2022-08-11,13:00:00,24851.6,2022-08-11,15:00:00,24550.7,48.647300143947994,closed,-0.6283246418238063,-1.2915920101723746,18.469787948961624,0,24414.4,24851.6,0.0003915023591555312,0.0389178401151584
1302,short,2022-08-11,15:00:00,24550.7,2022-08-12,16:00:00,23966.7,85.04901213515845,closed,1.9543720976886279,2.297936270656234,20.42416004665025,100000,24550.7,23608.6,0.0006928438874260893,0.06803920970812677
1303,long,2022-08-12,16:00:00,23966.7,2022-08-13,09:00:00,24398.6,60.4739769095023,closed,1.0409078639076066,1.7212492333112104,21.465067910557856,0,23940.1,24874.9,0.0005046500094673217,0.04837918152760184
1304,short,2022-08-13,09:00:00,24398.6,2022-08-14,03:00:00,24585.0,107.3253395527874,closed,-0.906682300797603,-0.8447979802119855,20.558385609760254,100000,24622.6,24303.5,0.0008797663763723115,0.08586027164222992
1305,long,2022-08-14,03:00:00,24585.0,2022-08-14,12:00:00,24554.2,74.90709312979767,closed,-0.15437838497866724,-0.2060931462273715,20.404007224781587,0,24506.9,24979.2,0.0006093723256440731,0.05992567450383814
1306,short,2022-08-14,12:00:00,24554.2,2022-08-15,02:00:00,24632.7,102.02003612390605,closed,-0.4086059875600222,-0.40051543116859845,19.995401237221564,100000,24632.7,24155.2,0.000830978293928583,0.08161602889912485
1307,long,2022-08-15,02:00:00,24632.7,2022-08-15,08:00:00,24010.8,72.0199095633624,closed,-1.8764821396115328,-2.605504715276853,18.118919097610032,0,23935.8,25187.7,0.0005847504298218417,0.05761592765068992
1308,short,2022-08-15,08:00:00,24010.8,2022-08-15,17:00:00,24241.2,90.23596838507237,closed,-0.9388160553316864,-1.040401152814573,17.180103042278347,100000,24286.6,23894.9,0.000751628170532197,0.0721887747080579
1309,long,2022-08-15,17:00:00,24241.2,2022-08-15,18:00:00,24104.5,46.20598802979564,closed,-0.2979089582570732,-0.6447410194214839,16.882194084021275,0,24076.1,24257.8,0.00038121865278777984,0.03696479042383651
1310,short,2022-08-15,18:00:00,24104.5,2022-08-16,00:00:00,24085.2,84.41097042010446,closed,-0.0006429444364825093,-0.0007616835030833586,16.881551139584793,100000,24158.0,23787.2,0.0007003752031372107,0.06752877633608358
1311,long,2022-08-16,00:00:00,24085.2,2022-08-16,06:00:00,23936.4,46.402129668906795,closed,-0.3241825261765865,-0.6986371713749492,16.557368613408208,0,23823.2,24231.4,0.00038531654018988254,0.03712170373512544
1312,short,2022-08-16,06:00:00,23936.4,2022-08-16,07:00:00,23986.0,82.78684306703916,closed,-0.23846860752035942,-0.2880513360405013,16.318900005887848,100000,24019.5,23906.1,0.0006917234259708156,0.06622947445363132
1313,long,2022-08-16,07:00:00,23986.0,2022-08-16,14:00:00,23890.0,46.27873963831125,closed,-0.22263187827804426,-0.48106728925206377,16.096268127609804,0,23866.7,24105.3,0.00038588126105487577,0.037022991710649
1314,short,2022-08-16,14:00:00,23890.0,2022-08-16,20:00:00,23919.6,80.48134063804713,closed,-0.16477619645408303,-0.20473838426119106,15.93149193115572,100000,24020.0,23675.3,0.0006737659325077198,0.06438507251043771
1315,long,2022-08-16,20:00:00,23919.6,2022-08-17,09:00:00,23795.3,47.41583213408774,closed,-0.28472906283322086,-0.6004936537400262,15.6467628683225,0,23734.6,24425.0,0.0003964600757043407,0.03793266570727019
1316,short,2022-08-17,09:00:00,23795.3,2022-08-18,01:00:00,23443.2,78.23381434161057,closed,1.0943842523897702,1.398863473038787,16.74114712071227,100000,23896.7,23192.8,0.0006575568649406444,0.06258705147328845
1317,long,2022-08-18,01:00:00,23443.2,2022-08-18,18:00:00,23263.9,53.34038224633533,closed,-0.4510891863089929,-0.8456804531804499,16.290057934403276,0,23254.0,23565.7,0.0004550605910996394,0.042672305797068266
1318,short,2022-08-18,18:00:00,23263.9,2022-08-18,21:00:00,23405.0,81.45028967201448,closed,-0.5598720354616443,-0.6873788143862316,15.730185898941631,100000,23430.2,23235.3,0.0007002290215485321,0.06516023173761158
1319,long,2022-08-18,21:00:00,23405.0,2022-08-19,00:00:00,23185.1,64.67590620568923,closed,-0.6599512336538184,-1.0203973509933837,15.070234665287813,0,23132.2,23413.1,0.0005526674317939691,0.051740724964551385
1320,short,2022-08-19,00:00:00,23185.1,2022-08-19,18:00:00,21450.2,75.35117332643719,closed,5.577464008281949,7.401960396979086,20.647698673569764,100000,23187.5,21269.6,0.0006499965350715521,0.06028093866114976
1321,long,2022-08-19,18:00:00,21450.2,2022-08-20,00:00:00,20824.9,46.445115495797936,closed,-1.3915220070557826,-2.996056726743803,19.25617666651398,0,20814.0,21450.2,0.00043305065216919135,0.03715609239663835
1322,short,2022-08-20,00:00:00,20824.9,2022-08-20,01:00:00,20980.9,76.19549787633258,closed,-0.6324711123348981,-0.8300636257557057,18.623705554179082,100000,21177.0,20821.0,0.0007317730013237287,0.06095639830106607
1323,long,2022-08-20,01:00:00,20980.9,2022-08-20,21:00:00,20810.0,35.828424978891576,closed,-0.3208448443679776,-0.8955036247253523,18.302860709811103,0,20810.0,21345.1,0.00034153372809452,0.02866273998311326
1324,short,2022-08-20,21:00:00,20810.0,2022-08-20,23:00:00,21125.4,91.51430354905364,closed,-1.461097757115142,-1.5965785679961626,16.841762952695962,100000,21224.1,20808.1,0.0008795223791355467,0.07321144283924291
1325,long,2022-08-20,23:00:00,21125.4,2022-08-22,01:00:00,21441.3,43.29365595367738,closed,0.6123496144446401,1.414409573309844,17.4541125671406,0,21060.5,21731.0,0.0004098730055163678,0.03463492476294191
1326,short,2022-08-22,01:00:00,21441.3,2022-08-22,16:00:00,21388.0,87.27056283570114,closed,0.14631162436197304,0.1676528941808532,17.600424191502576,100000,21485.2,20880.0,0.0008140417123560713,0.06981645026856091
1327,long,2022-08-22,16:00:00,21388.0,2022-08-22,19:00:00,21010.0,48.03452795459657,closed,-0.8878131877474637,-1.8482812792219936,16.71261100375511,0,20952.6,21477.4,0.0004491726945445724,0.03842762236367726
1328,short,2022-08-22,19:00:00,21010.0,2022-08-23,00:00:00,21387.0,83.56305501877367,closed,-1.5670876811916696,-1.8753355544978583,15.145523322563442,100000,21401.9,20988.8,0.0007954598288317341,0.06685044401501894
1329,long,2022-08-23,00:00:00,21387.0,2022-08-23,06:00:00,20955.1,42.61634391834313,closed,-0.8951078133923136,-2.100386215925569,14.250415509171129,0,20951.2,21438.6,0.0003985256830630115,0.0340930751346745
1330,short,2022-08-23,06:00:00,20955.1,2022-08-23,08:00:00,21297.3,71.25207754585375,closed,-1.2212390721039401,-1.7139697734680377,13.02917643706719,100000,21297.3,20894.0,0.0006800452161607796,0.057001662036683005
1331,long,2022-08-23,08:00:00,21297.3,2022-08-23,23:00:00,21465.5,36.54978437485701,closed,0.2590767091022191,0.7088323872040152,13.288253146169408,0,21297.3,21643.2,0.00034323397214536125,0.02923982749988561
1332,short,2022-08-23,23:00:00,21465.5,2022-08-24,00:00:00,21518.2,66.44126573084515,closed,-0.21689217343169837,-0.3264419650136299,13.07136097273771,100000,21572.5,21455.3,0.0006190516478148206,0.05315301258467612
1333,long,2022-08-24,00:00:00,21518.2,2022-08-24,01:00:00,21375.7,41.07835797997329,closed,-0.30527774357938475,-0.7431595579555911,12.766083229158324,0,21330.0,21536.0,0.00038180106124093363,0.032862686383978636
1334,short,2022-08-24,01:00:00,21375.7,2022-08-24,13:00:00,21474.6,63.83041614578973,closed,-0.3469888752730282,-0.543610548426474,12.419094353885296,100000,21487.9,21160.2,0.0005972241016274529,0.05106433291663178
1335,long,2022-08-24,13:00:00,21474.6,2022-08-24,23:00:00,21483.4,41.1383322560326,closed,-0.016435869654862864,-0.03995268829220144,12.402658484230432,0,21371.1,21915.0,0.00038313479418506145,0.03291066580482608
1336,short,2022-08-24,23:00:00,21483.4,2022-08-25,07:00:00,21680.1,62.01329242115026,closed,-0.6179758497651552,-0.9965215934162984,11.784682634465277,100000,21722.4,21303.1,0.0005773135762602778,0.04961063393692021
1337,long,2022-08-25,07:00:00,21680.1,2022-08-25,15:00:00,21645.5,41.0222496686162,closed,-0.09866501854236082,-0.24051586477921477,11.686017615922916,0,21572.4,21792.6,0.0003784322919969576,0.03281779973489296
1338,short,2022-08-25,15:00:00,21645.5,2022-08-26,14:00:00,21747.6,58.4300880796127,closed,-0.3228937556427941,-0.5526155551962234,11.363123860280123,100000,21804.0,21120.1,0.000539882082461599,0.04674407046369016
1339,long,2022-08-26,14:00:00,21747.6,2022-08-26,15:00:00,21144.9,34.6533678258702,closed,-0.9884041240376391,-2.8522599275322205,10.374719736242483,0,21144.9,21756.1,0.0003186868236115268,0.027722694260696158
1340,short,2022-08-26,15:00:00,21144.9,2022-08-27,08:00:00,20255.0,51.027937146763165,closed,2.1062464791479547,4.127633992121038,12.480966215390438,100000,21144.9,19929.7,0.0004826500683073759,0.040822349717410535
1341,long,2022-08-27,08:00:00,20255.0,2022-08-29,00:00:00,19547.5,32.65185339005853,closed,-1.166961603380742,-3.573952110589978,11.314004612009697,0,19522.3,20258.8,0.0003224078340168702,0.026121482712046822
1342,short,2022-08-29,00:00:00,19547.5,2022-08-29,05:00:00,19796.0,56.570023060046566,closed,-0.7649881957102744,-1.352285458498529,10.549016416299423,100000,19909.6,19547.5,0.0005787954782969337,0.045256018448037255
1343,long,2022-08-29,05:00:00,19796.0,2022-08-30,03:00:00,20186.2,35.22028437707043,closed,0.6656968229659882,1.890094968680545,11.21471323926541,0,19745.3,20395.2,0.00035583233357315043,0.028176227501656343
1344,short,2022-08-30,03:00:00,20186.2,2022-08-30,05:00:00,20459.1,56.07356619632513,closed,-0.8034806306178518,-1.4329044594822098,10.411232608647559,100000,20497.5,20155.2,0.0005555633670163293,0.04485885295706011
1345,long,2022-08-30,05:00:00,20459.1,2022-08-30,12:00:00,20395.8,34.901231967923756,closed,-0.13624580093587169,-0.3903753342033583,10.274986807711688,0,20335.3,20540.6,0.00034118052082372894,0.027920985574339006
1346,short,2022-08-30,12:00:00,20395.8,2022-08-31,02:00:00,20228.8,51.37493403855649,closed,0.37905219181892114,0.7378154325890626,10.65403899953061,100000,20420.1,19571.2,0.0005037795432251394,0.041099947230845195
1347,long,2022-08-31,02:00:00,20228.8,2022-08-31,15:00:00,20097.0,26.953609161537724,closed,-0.1974446207648744,-0.7325349996045206,10.456594378765734,0,20097.0,20427.0,0.00026648747490249275,0.02156288732923018
1348,short,2022-08-31,15:00:00,20097.0,2022-08-31,22:00:00,20272.2,52.28297189382674,closed,-0.49813494447417217,-0.952767079663635,9.958459434291562,100000,20300.0,19886.3,0.0005203062337047992,0.041826377515061394
1349,long,2022-08-31,22:00:00,20272.2,2022-08-31,23:00:00,20148.2,26.048302827726204,closed,-0.1804266105736417,-0.6926616746085772,9.77803282371792,0,20083.8,20285.5,0.00025698545621813325,0.020838642262180965
1350,short,2022-08-31,23:00:00,20148.2,2022-09-01,12:00:00,20060.9,48.890164118587656,closed,0.172238425813405,0.35229668158941874,9.950271249531324,100000,20191.1,19819.9,0.00048530552722910884,0.03911213129487013
1351,long,2022-09-01,12:00:00,20060.9,2022-09-01,15:00:00,19685.3,30.266469395888855,closed,-0.5911936798298325,-1.9532958142456331,9.359077569701492,0,19674.6,20078.2,0.00030174587776110595,0.024213175516711084
1352,short,2022-09-01,15:00:00,19685.3,2022-09-01,21:00:00,20060.4,46.79538784850551,closed,-0.9295897983914683,-1.9864987579564557,8.429487771310024,100000,20075.1,19573.4,0.00047543484578345787,0.03743631027880441
1353,long,2022-09-01,21:00:00,20060.4,2022-09-02,12:00:00,20082.4,21.622913104979496,closed,0.006199680806347252,0.02867181113038622,8.43568745211637,0,19953.1,20259.9,0.0002155780852323931,0.017298330483983597
1354,short,2022-09-02,12:00:00,20082.4,2022-09-02,13:00:00,20272.0,42.17843726057989,closed,-0.4323737596508135,-1.0251061626100393,8.003313692465557,100000,20318.5,20024.9,0.0004200537511510566,0.033742749808463916
1355,long,2022-09-02,13:00:00,20272.0,2022-09-02,18:00:00,19791.3,26.214990544155423,closed,-0.6428538468495096,-2.4522375690607774,7.360459845616048,0,19756.9,20419.0,0.00025863250339537715,0.02097199243532434
1356,short,2022-09-02,18:00:00,19791.3,2022-09-03,14:00:00,19850.4,36.80229922807827,closed,-0.13971131860945232,-0.3796266036086673,7.220748527006595,100000,20041.3,19738.5,0.0003719038085227173,0.029441839382462618
1357,long,2022-09-03,14:00:00,19850.4,2022-09-03,16:00:00,19764.3,30.063483883258233,closed,-0.15475236788710728,-0.5147519445452091,7.0659961591194875,0,19749.8,19850.4,0.0003029005348331342,0.02405078710660659
1358,short,2022-09-03,16:00:00,19764.3,2022-09-03,18:00:00,19808.1,35.329980795595475,closed,-0.1069168666007339,-0.3026236193540842,6.959079292518753,100000,19823.2,19750.1,0.0003575130998375402,0.02826398463647638
1359,long,2022-09-03,18:00:00,19808.1,2022-09-03,19:00:00,19743.0,31.786438787961455,closed,-0.13021731611706788,-0.4096631176134942,6.828861976401686,0,19727.6,19817.9,0.0003209438440634029,0.025429151030369166
1360,short,2022-09-03,19:00:00,19743.0,2022-09-03,23:00:00,19784.8,34.14430988200646,closed,-0.09995187676870837,-0.29273362710833856,6.728910099632977,100000,19807.0,19650.1,0.0003458877564909736,0.02731544790560517
1361,long,2022-09-03,23:00:00,19784.8,2022-09-04,08:00:00,19618.5,32.36992666502748,closed,-0.2983067208055093,-0.92155513323359,6.430603378827468,0,19618.5,19847.3,0.00032722015552370993,0.025895941332021985
1362,short,2022-09-04,08:00:00,19618.5,2022-09-04,10:00:00,19764.7,32.15301689413536,closed,-0.2656592931595951,-0.8262344215918686,6.164944085667873,100000,19811.4,19597.4,0.0003277826224648711,0.025722413515308292
1363,long,2022-09-04,10:00:00,19764.7,2022-09-05,06:00:00,19712.0,30.824720428337393,closed,-0.10716179816233176,-0.34764888918122067,6.057782287505542,0,19647.6,20017.0,0.0003119169066905887,0.024659776342669915
1364,short,2022-09-05,06:00:00,19712.0,2022-09-05,15:00:00,19834.6,30.28891143752574,closed,-0.21292219674986418,-0.7029707792207718,5.844860090755677,100000,19840.0,19633.0,0.0003073144423450258,0.024231129150020594
1365,long,2022-09-05,15:00:00,19834.6,2022-09-05,20:00:00,19700.9,26.164014614090828,closed,-0.19756000969207357,-0.7550829358797106,5.647300081063603,0,19660.1,19934.7,0.0002638219536979907,0.020931211691272662
1366,short,2022-09-05,20:00:00,19700.9,2022-09-05,23:00:00,19793.7,28.236500405316054,closed,-0.15588232590198647,-0.5520596520971086,5.491417755161617,100000,19793.9,19692.8,0.00028665188296287026,0.022589200324252844
1367,long,2022-09-05,23:00:00,19793.7,2022-09-06,05:00:00,19754.1,25.33190588399952,closed,-0.07120142118856673,-0.28107407912619764,5.42021633397305,0,19675.1,20156.6,0.00025595927880082574,0.02026552470719962
1368,short,2022-09-06,05:00:00,19754.1,2022-09-06,07:00:00,19848.2,27.101081669863287,closed,-0.15105309699757946,-0.5573692549901145,5.26916323697547,100000,19870.9,19730.4,0.0002743843725592489,0.021680865335890632
1369,long,2022-09-06,07:00:00,19848.2,2022-09-06,14:00:00,19775.2,18.73069579574659,closed,-0.08406321022980222,-0.4487991858203766,5.185100026745668,0,19710.3,20008.3,0.0001887394906918168,0.014984556636597274
1370,short,2022-09-06,14:00:00,19775.2,2022-09-07,07:00:00,18785.6,25.92550013372638,closed,1.2763736534706789,4.923236376876099,6.461473680216347,100000,19853.4,18548.5,0.00026220215354308814,0.020740400106981107
1371,long,2022-09-07,07:00:00,18785.6,2022-09-08,08:00:00,19164.0,17.027925899453948,closed,0.3291913876241421,1.9332441870368873,6.790665067840489,0,18685.8,19436.2,0.00018128700599878578,0.01362234071956316
1372,short,2022-09-08,08:00:00,19164.0,2022-09-08,21:00:00,19366.8,33.953325339200475,closed,-0.3868227022175967,-1.1392778125652228,6.403842365622893,100000,19433.7,19022.7,0.0003543448689125493,0.02716266027136038
1373,long,2022-09-08,21:00:00,19366.8,2022-09-09,19:00:00,21161.9,19.56921459309936,closed,1.7980042557887095,9.187922423942016,8.201846621411603,0,19251.2,21399.2,0.00020209032564078076,0.015655371674479487
1374,short,2022-09-09,19:00:00,21161.9,2022-09-10,22:00:00,21594.0,36.73664436775186,closed,-0.7798536575513455,-2.1228222418591836,7.421992963860257,100000,21779.8,21146.4,0.00034719608700307497,0.029389315494201488
1375,long,2022-09-10,22:00:00,21594.0,2022-09-11,03:00:00,21500.2,19.687136011269427,closed,-0.10144901347972554,-0.5153061035472782,7.320543950380531,0,21450.0,21779.8,0.00018233894610789503,0.015749708809015543
1376,short,2022-09-11,03:00:00,21500.2,2022-09-12,00:00:00,21820.3,36.60271975190067,closed,-0.574572505032585,-1.5697535836875867,6.745971445347946,100000,21820.3,21363.2,0.0003404872489735042,0.029282175801520538
1377,long,2022-09-12,00:00:00,21820.3,2022-09-12,05:00:00,21706.9,19.931287663265508,closed,-0.11971052733032635,-0.6006161235179984,6.6262609180176195,0,21566.2,22271.7,0.00018268573450654215,0.015945030130612405
1378,short,2022-09-12,05:00:00,21706.9,2022-09-12,06:00:00,21775.9,29.878795424099696,closed,-0.1191544376608733,-0.3987926419709862,6.507106480356747,100000,21777.5,21668.3,0.00027529306740344954,0.02390303633927976
1379,long,2022-09-12,06:00:00,21775.9,2022-09-12,17:00:00,22209.9,15.270698226164356,closed,0.2919926309593446,1.9121105442254969,6.7990991113160915,0,21695.0,22446.6,0.00014025319941921442,0.012216558580931486
1380,short,2022-09-12,17:00:00,22209.9,2022-09-12,18:00:00,22348.5,31.273672778075134,closed,-0.2204626719446643,-0.70494653285246,6.578636439371428,100000,22369.8,22163.1,0.0002816192128562049,0.02501893822246011
1381,long,2022-09-12,18:00:00,22348.5,2022-09-12,22:00:00,22330.7,15.21130314798984,closed,-0.024420578713832554,-0.16054231827639112,6.554215860657595,0,22252.1,22440.0,0.00013612817994934642,0.012169042518391873
1382,short,2022-09-12,22:00:00,22330.7,2022-09-13,11:00:00,22521.5,32.77107930328599,closed,-0.30651600977156607,-0.9353247323191807,6.247699850886029,100000,22581.2,22066.7,0.0002935069595067417,0.02621686344262879
1383,long,2022-09-13,11:00:00,22521.5,2022-09-13,13:00:00,21397.2,16.880170153060746,closed,-0.856332159882713,-5.073006682503382,5.391367691003316,0,21397.2,22708.2,0.00014990271654251048,0.013504136122448598
1384,short,2022-09-13,13:00:00,21397.2,2022-09-14,03:00:00,20434.0,18.960914762657737,closed,0.8381840861492056,4.4205888620941085,6.229551777152521,100000,21479.7,19889.8,0.00017722799957618508,0.01516873181012619
1385,long,2022-09-14,03:00:00,20434.0,2022-09-15,15:00:00,19697.9,11.565400688212966,closed,-0.425989353276967,-3.6833082118038485,5.803562423875554,0,19617.6,20444.0,0.00011319761855939088,0.009252320550570374
1386,short,2022-09-15,15:00:00,19697.9,2022-09-16,02:00:00,19721.4,25.954804717807587,closed,-0.05199198849079147,-0.20031739423999512,5.751570435384762,100000,19928.6,19556.0,0.00026352864739700765,0.02076384377424607
1387,long,2022-09-16,02:00:00,19721.4,2022-09-16,14:00:00,19519.3,14.641205102297933,closed,-0.16190087123827265,-1.1057892441713173,5.589669564146489,0,19483.4,19872.4,0.00014848038275475304,0.011712964081838346
1388,short,2022-09-16,14:00:00,19519.3,2022-09-16,21:00:00,19746.6,27.94834782073047,closed,-0.34810033544798785,-1.2455131075397134,5.241569228698501,100000,19770.7,19352.7,0.00028636629203639954,0.022358678256584375
1389,long,2022-09-16,21:00:00,19746.6,2022-09-17,12:00:00,19800.8,14.813803534532058,closed,0.02865949523283752,0.19346479900337643,5.270228723931338,0,19692.9,20044.1,0.0001500390298535653,0.011851042827625646
1390,short,2022-09-17,12:00:00,19800.8,2022-09-17,15:00:00,19912.8,26.351143619654707,closed,-0.17039802905905344,-0.6466437719688093,5.099830694872285,100000,19939.7,19759.6,0.0002661624138383773,0.021080914895723765
1391,long,2022-09-17,15:00:00,19912.8,2022-09-18,01:00:00,19974.0,21.97703799490822,closed,0.049741865932536385,0.22633562331766865,5.149572560804821,0,19870.2,20174.4,0.00022073277484741693,0.017581630395926577
1392,short,2022-09-18,01:00:00,19974.0,2022-09-19,12:00:00,18672.6,25.747862804022112,closed,1.6567382012253717,6.434468809452294,6.8063107620301935,100000,20084.9,18285.0,0.0002578137859619717,0.02059829024321769
1393,long,2022-09-19,12:00:00,18672.6,2022-09-20,06:00:00,19361.7,15.487489134199102,closed,0.5589997061396913,3.609363023895988,7.365310468169885,0,18672.6,19656.1,0.00016588465595791807,0.012389991307359282
1394,short,2022-09-20,06:00:00,19361.7,2022-09-21,03:00:00,19003.4,33.995728980078894,closed,0.6015638328830294,1.769527675772268,7.966874301052915,100000,19551.4,18756.8,0.0003511647115705635,0.027196583184063115
1395,long,2022-09-21,03:00:00,19003.4,2022-09-21,21:00:00,18916.3,18.96307701112817,closed,-0.10228522123462902,-0.5393914773145974,7.864589079818286,0,18794.3,19846.4,0.0001995756234266307,0.015170461608902537
1396,short,2022-09-21,21:00:00,18916.3,2022-09-22,07:00:00,18759.2,20.772176905947894,closed,0.15567570679987147,0.749443390092135,8.020264786618156,100000,18916.3,18195.3,0.00021962198639213692,0.016617741524758315
1397,long,2022-09-22,07:00:00,18759.2,2022-09-23,07:00:00,19323.5,13.034595682229268,closed,0.38153015877478036,2.927057870271649,8.401794945392936,0,18726.6,19477.2,0.00013896750055683897,0.010427676545783415
1398,short,2022-09-23,07:00:00,19323.5,2022-09-23,22:00:00,18999.9,40.71904355298232,closed,0.6489026902247303,1.59360985328744,9.050697635617666,100000,19323.5,18551.7,0.00042144584110520686,0.03257523484238586
1399,long,2022-09-23,22:00:00,18999.9,2022-09-24,10:00:00,19014.7,20.441836679904014,closed,-0.0006454490108381075,-0.0031574903025843874,9.050052186606829,0,18927.5,19392.6,0.00021517836072720397,0.016353469343923212
1400,short,2022-09-24,10:00:00,19014.7,2022-09-24,13:00:00,19146.1,45.25026093303215,closed,-0.3493755067414996,-0.7720961151109288,8.70067667986533,100000,19185.5,18976.6,0.0004759503009043756,0.036200208746425724
1401,long,2022-09-24,13:00:00,19146.1,2022-09-24,18:00:00,19076.2,25.765002791012204,closed,-0.114945923796465,-0.44613200599598785,8.585730756068864,0,19014.2,19201.9,0.0002691410030346881,0.020612002232809765
1402,short,2022-09-24,18:00:00,19076.2,2022-09-24,19:00:00,19118.9,42.9286537803423,closed,-0.13088412342984287,-0.3048875562218929,8.454846632639022,100000,19127.2,19043.4,0.00045007552636628154,0.034342923024273844
1403,long,2022-09-24,19:00:00,19118.9,2022-09-24,20:00:00,19093.0,28.46897901585771,closed,-0.06163936223522029,-0.2165141299970263,8.393207270403801,0,19081.9,19118.9,0.0002978098009389422,0.022775183212686168
1404,short,2022-09-24,20:00:00,19093.0,2022-09-24,21:00:00,19134.1,41.96603635201697,closed,-0.12434941219260921,-0.29630964227726675,8.268857858211192,100000,19140.0,19066.3,0.0004395960441210598,0.033572829081613575
1405,long,2022-09-24,21:00:00,19134.1,2022-09-24,22:00:00,18941.4,30.24438127323404,closed,-0.3291035564872615,-1.0881477571456046,7.93975430172393,0,18891.5,19139.0,0.0003161306909991486,0.024195505018587235
1406,short,2022-09-24,22:00:00,18941.4,2022-09-25,07:00:00,19017.7,39.698771508617625,closed,-0.19209331247594597,-0.48387722132471345,7.747660989247984,100000,19050.1,18800.8,0.000419174628154388,0.0317590172068941
1407,long,2022-09-25,07:00:00,19017.7,2022-09-25,14:00:00,18925.2,31.32649415485642,closed,-0.17775926123906888,-0.5674406473968986,7.569901728008915,0,18879.2,19156.9,0.00032944566540492716,0.025061195323885135
1408,short,2022-09-25,14:00:00,18925.2,2022-09-26,04:00:00,18862.7,37.84950864004255,closed,0.0943174588138051,0.24919070868471668,7.66421918682272,100000,19100.0,18655.2,0.0003999905801792589,0.030279606912034043
1409,long,2022-09-26,04:00:00,18862.7,2022-09-26,05:00:00,18800.5,25.48058008479119,closed,-0.10467717917706909,-0.4108116017325235,7.559542007645651,0,18800.5,18902.4,0.00027016895868344604,0.020384464067832953
1410,short,2022-09-26,05:00:00,18800.5,2022-09-26,08:00:00,18902.3,37.79771003822623,closed,-0.23530539623722696,-0.6225387622669571,7.324236611408423,100000,18920.2,18687.0,0.00040209260432675975,0.030238168030580985
1411,long,2022-09-26,08:00:00,18902.3,2022-09-27,14:00:00,20185.2,23.882544529896272,closed,1.6015507028945695,6.705946683736909,8.925787314302992,0,18813.8,20351.6,0.00025269458774748336,0.01910603562391702
1412,short,2022-09-27,14:00:00,20185.2,2022-09-28,11:00:00,18996.2,44.62893657151294,closed,2.5927018106250093,5.809463567366189,11.518489124928001,100000,20224.2,18497.0,0.00044219464331800464,0.035703149257210354
1413,long,2022-09-28,11:00:00,18996.2,2022-09-29,06:00:00,19446.6,22.890238213107395,closed,0.5241744774758021,2.2899476737452638,12.042663602403803,0,18860.1,19724.2,0.00024099807554255477,0.018312190570485918
1414,short,2022-09-29,06:00:00,19446.6,2022-09-29,20:00:00,19399.3,54.7017546546921,closed,0.08872718781594778,0.16220172163771188,12.13139079021975,100000,19599.0,18855.4,0.0005625842528225203,0.043761403723753686
1415,long,2022-09-29,20:00:00,19399.3,2022-09-30,04:00:00,19394.0,23.555933455259673,closed,-0.025523216296815157,-0.10835153845756947,12.105867573922936,0,19321.2,19673.9,0.00024285343754939278,0.018844746764207738
1416,short,2022-09-30,04:00:00,19394.0,2022-09-30,08:00:00,19560.8,56.830088031736985,closed,-0.5348228773399011,-0.9410910590904367,11.571044696583035,100000,19616.5,19386.9,0.0005860584513946271,0.04546407042538959
1417,long,2022-09-30,08:00:00,19560.8,2022-09-30,12:00:00,19430.3,30.684879088644948,closed,-0.22957600523432722,-0.7481730808555888,11.341468691348709,0,19401.1,19618.0,0.00031373848808479153,0.02454790327091596
1418,short,2022-09-30,12:00:00,19430.3,2022-09-30,15:00:00,19981.4,56.70734345674152,closed,-1.6543352909710989,-2.917321091285272,9.68713340037761,100000,20039.8,19190.0,0.0005837001328516958,0.045365874765393215
1419,long,2022-09-30,15:00:00,19981.4,2022-09-30,20:00:00,19467.0,21.81718979558788,closed,-0.579332592598857,-2.6553951174592445,9.107800807778752,0,19467.0,20145.9,0.00021837498669350372,0.017453751836470303
1420,short,2022-09-30,20:00:00,19467.0,2022-10-01,15:00:00,19311.3,35.72822928913172,closed,0.25681011469680926,0.7187876919915791,9.364610922475562,100000,19515.7,19199.4,0.00036706456350882744,0.028582583431305375
1421,long,2022-10-01,15:00:00,19311.3,2022-10-01,21:00:00,19243.2,33.93075739408649,closed,-0.1471505469972294,-0.43367893409557384,9.217460375478332,0,19202.0,19353.0,0.00035140831942009594,0.027144605915269196
1422,short,2022-10-01,21:00:00,19243.2,2022-10-01,22:00:00,19281.3,46.08730187738965,closed,-0.12859801882709446,-0.2790313461378489,9.088862356651237,100000,19301.1,19237.2,0.0004789983150140273,0.03686984150191172
1423,long,2022-10-01,22:00:00,19281.3,2022-10-02,11:00:00,19095.1,38.21886323849343,closed,-0.4000520505289318,-1.0467397945159336,8.688810306122306,0,19048.8,19388.3,0.00039643450637139016,0.030575090590794742
1424,short,2022-10-02,11:00:00,19095.1,2022-10-02,18:00:00,19189.3,43.44405153060953,closed,-0.24952858435909137,-0.5743676650030676,8.439281721763216,100000,19252.5,19077.9,0.00045502826935297044,0.03475524122448762
1425,long,2022-10-02,18:00:00,19189.3,2022-10-03,00:00:00,19049.4,41.37478565517203,closed,-0.33517481147242195,-0.8100943755113413,8.104106910290794,0,18920.9,19320.0,0.000431227670161726,0.03309982852413763
1426,short,2022-10-03,00:00:00,19049.4,2022-10-03,02:00:00,19210.9,40.52053455145199,closed,-0.37637321562239906,-0.9288456329333206,7.7277336946683945,100000,19243.0,18981.4,0.00042542583547462904,0.032416427641161594
1427,long,2022-10-03,02:00:00,19210.9,2022-10-03,05:00:00,19090.0,30.296091350526726,closed,-0.21521473786285378,-0.7103712996267819,7.512518956805541,0,19086.2,19210.9,0.000315405226725731,0.024236873080421384
1428,short,2022-10-03,05:00:00,19090.0,2022-10-03,06:00:00,19235.3,37.562594784025706,closed,-0.31634434199148004,-0.8421791513881576,7.19617461481406,100000,19273.6,19059.7,0.00039353163733919024,0.030050075827220565
1429,long,2022-10-03,06:00:00,19235.3,2022-10-04,03:00:00,19537.6,27.976538013381482,closed,0.4170042813225418,1.4905499784250793,7.613178896136602,0,19121.3,19693.0,0.0002908874622530606,0.022381230410705187
1430,short,2022-10-04,03:00:00,19537.6,2022-10-04,07:00:00,19832.0,38.06589448068101,closed,-0.6044337835769635,-1.587861763983301,7.008745112559638,100000,19840.6,19532.1,0.0003896680705990604,0.03045271558454481
1431,long,2022-10-04,07:00:00,19832.0,2022-10-04,18:00:00,20017.5,25.97772195156103,closed,0.22194028500552504,0.8543485276321098,7.230685397565163,0,19812.5,20201.5,0.0002619778333154602,0.020782177561248824
1432,short,2022-10-04,18:00:00,20017.5,2022-10-04,20:00:00,20213.5,36.153426987823835,closed,-0.38327779966499553,-1.0601423754215062,6.847407597900168,100000,20248.0,20017.5,0.0003612182039497823,0.02892274159025907
1433,long,2022-10-04,20:00:00,20213.5,2022-10-05,01:00:00,20181.5,22.006040614319403,closed,-0.05266034033428753,-0.2392994780715858,6.794747257565881,0,20144.4,20433.6,0.00021773607355796278,0.017604832491455523
1434,short,2022-10-05,01:00:00,20181.5,2022-10-05,19:00:00,20259.0,33.973736287827414,closed,-0.15797993591548803,-0.4650060699155168,6.636767321650392,100000,20290.2,19759.9,0.00033668197396454587,0.027178989030261932
1435,long,2022-10-05,19:00:00,20259.0,2022-10-05,21:00:00,19977.5,19.96371732502009,closed,-0.2935650885970791,-1.4704931141714792,6.343202233053313,0,19977.5,20321.6,0.00019708492349099257,0.015970973860016075
1436,short,2022-10-05,21:00:00,19977.5,2022-10-06,00:00:00,20150.0,31.716011165264575,closed,-0.29954901357449387,-0.9444725315980479,6.043653219478819,100000,20204.2,19977.5,0.00031751731863611144,0.025372808932211662
1437,long,2022-10-06,00:00:00,20150.0,2022-10-06,08:00:00,20214.7,18.20082489816164,closed,0.043700045090475106,0.24009925558313017,6.087353264569294,0,20141.6,20431.0,0.00018065334886512794,0.014560659918529312
1438,short,2022-10-06,08:00:00,20214.7,2022-10-07,04:00:00,19976.0,30.436766322844466,closed,0.3347540496692656,1.099834476890583,6.422107314238559,100000,20303.2,19872.8,0.00030113497922644873,0.024349413058275576
1439,long,2022-10-07,04:00:00,19976.0,2022-10-07,05:00:00,19934.1,25.080388388910105,closed,-0.07292195744586737,-0.2907529034841883,6.349185356792692,0,19934.1,20001.8,0.0002511052101412706,0.020064310711128085
1440,short,2022-10-07,05:00:00,19934.1,2022-10-07,06:00:00,19960.7,31.74592678396145,closed,-0.06807691448791614,-0.2144429896509107,6.281108442304776,100000,19982.7,19903.1,0.000318508754184653,0.02539674142716916
1441,long,2022-10-07,06:00:00,19960.7,2022-10-07,07:00:00,19846.4,25.72341707617768,closed,-0.16813524496677437,-0.6536271774035943,6.112973197338001,0,19820.0,19964.9,0.000257740631101892,0.020578733660942143
1442,short,2022-10-07,07:00:00,19846.4,2022-10-07,09:00:00,19964.3,30.564865986687995,closed,-0.20633428319908642,-0.6750701386649357,5.906638914138915,100000,20003.5,19846.4,0.000308014208991938,0.024451892789350397
1443,long,2022-10-07,09:00:00,19964.3,2022-10-07,13:00:00,19608.8,24.147055105904666,closed,-0.4495409677760272,-1.8616802993343118,5.457097946362888,0,19520.7,20041.2,0.00024190234674799184,0.019317644084723733
1444,short,2022-10-07,13:00:00,19608.8,2022-10-07,23:00:00,19542.1,27.285489731812422,closed,0.07070583096992243,0.25913345028762963,5.52780377733281,100000,19693.3,19344.6,0.00027829841430186876,0.02182839178544994
1445,long,2022-10-07,23:00:00,19542.1,2022-10-08,22:00:00,19309.4,19.57841669957484,closed,-0.24899555067872609,-1.27178593907511,5.278808226654084,0,19273.3,19600.2,0.00020037167652990054,0.015662733359659873
1446,short,2022-10-08,22:00:00,19309.4,2022-10-09,05:00:00,19379.4,26.394041133268395,closed,-0.11707169388186206,-0.4435535024392264,5.161736532772221,100000,19439.9,19260.2,0.00027338023069871045,0.02111523290661472
1447,long,2022-10-09,05:00:00,19379.4,2022-10-09,23:00:00,19390.3,25.808682663859095,closed,-0.006397129082920875,-0.024786732303384955,5.1553394036893,0,19367.5,19539.1,0.00026635172052652913,0.020646946131087276
1448,short,2022-10-09,23:00:00,19390.3,2022-10-10,02:00:00,19491.9,25.776697018444494,closed,-0.1559502466199647,-0.6050047704264616,4.999389157069336,100000,19511.2,19368.4,0.0002658720805603265,0.020621357614755597
1449,long,2022-10-10,02:00:00,19491.9,2022-10-10,04:00:00,19441.2,24.996945785344664,closed,-0.08527310906154605,-0.34113411211837086,4.91411604800779,0,19421.4,19491.9,0.0002564854712505673,0.019997556628275733
1450,short,2022-10-10,04:00:00,19441.2,2022-10-11,08:00:00,19075.1,24.570580240036932,closed,0.4427828559029011,1.802085467975239,5.3568989039106905,100000,19464.7,18942.9,0.00025276814435360915,0.019656464192029547
1451,long,2022-10-11,08:00:00,19075.1,2022-10-11,20:00:00,18991.3,24.41574008904661,closed,-0.12705088384847033,-0.5203646638811817,5.22984802006222,0,18862.2,19253.7,0.000255995932802938,0.019532592071237292
1452,short,2022-10-11,20:00:00,18991.3,2022-10-11,23:00:00,19033.6,26.149240100309097,closed,-0.0794379086780114,-0.3037866812698408,5.1504101113842085,100000,19051.1,18985.2,0.0002753812545777182,0.02091939208024728
1453,long,2022-10-11,23:00:00,19033.6,2022-10-12,15:00:00,19084.0,22.479876948131242,closed,0.041305451101854636,0.18374411566914012,5.191715562486063,0,18986.2,19184.5,0.00023621256039983233,0.017983901558504996
1454,short,2022-10-12,15:00:00,19084.0,2022-10-12,16:00:00,19130.5,25.958577812428327,closed,-0.08428947720699584,-0.3247076084678264,5.107426085279068,100000,19137.6,19084.0,0.00027204546020151253,0.020766862249942664
1455,long,2022-10-12,16:00:00,19130.5,2022-10-12,17:00:00,19090.1,25.53713042639334,closed,-0.07462627501682136,-0.2922265492276807,5.032799810262246,0,19072.0,19144.2,0.0002669781806684963,0.02042970434111467
1456,short,2022-10-12,17:00:00,19090.1,2022-10-12,20:00:00,19132.3,25.16399905130923,closed,-0.07602161153723912,-0.3021046511018839,4.956778198725007,100000,19164.8,19057.4,0.0002636340202650508,0.020131199241047386
1457,long,2022-10-12,20:00:00,19132.3,2022-10-13,02:00:00,19100.8,24.783890993623032,closed,-0.06089114296888953,-0.2456883908364389,4.895887055756117,0,19085.5,19205.4,0.00025907905472549595,0.019827112794898426
1458,short,2022-10-13,02:00:00,19100.8,2022-10-13,17:00:00,19077.5,24.479435278778592,closed,0.01002123036948465,0.04093734293851187,4.905908286125602,100000,19165.0,18174.8,0.0002563184293723676,0.019583548223022874
1459,long,2022-10-13,17:00:00,19077.5,2022-10-14,09:00:00,19609.7,10.91010309151766,closed,0.29551381739246035,2.708625343991618,5.201422103518062,0,19058.3,19926.0,0.00011437665408483986,0.00872808247321413
1460,short,2022-10-14,09:00:00,19609.7,2022-10-15,08:00:00,19159.0,26.00711051758832,closed,0.5766640988939227,2.2173324426176877,5.778086202411984,100000,19831.6,19086.6,0.00026524740834983016,0.020805688414070656
1461,long,2022-10-15,08:00:00,19159.0,2022-10-15,09:00:00,19061.1,25.897809341034424,closed,-0.15332303354493543,-0.592030899316256,5.624763168867049,0,19047.1,19161.7,0.0002703461489747317,0.02071824747282754
1462,short,2022-10-15,09:00:00,19061.1,2022-10-15,11:00:00,19147.1,28.12381584433325,closed,-0.14968336658083017,-0.5322299342640245,5.475079802286219,100000,19162.9,19056.5,0.0002950912155576882,0.0224990526754666
1463,long,2022-10-15,11:00:00,19147.1,2022-10-17,03:00:00,19193.5,25.10833180474001,closed,0.040497179074648115,0.16128980367784912,5.515576981360867,0,18991.9,19410.9,0.0002622677251880443,0.02008666544379201
1464,short,2022-10-17,03:00:00,19193.5,2022-10-17,06:00:00,19263.7,27.57788490680234,closed,-0.12321546380836601,-0.4467908406491818,5.392361517552501,100000,19272.8,19156.1,0.00028736692012194066,0.022062307925441872
1465,long,2022-10-17,06:00:00,19263.7,2022-10-17,22:00:00,19509.5,26.961807587760518,closed,0.3221765603332324,1.1949367982267125,5.714538077885733,0,19216.1,19662.7,0.00027992345798325886,0.021569446070208415
1466,short,2022-10-17,22:00:00,19509.5,2022-10-18,08:00:00,19655.8,28.572690389426683,closed,-0.23741511902268148,-0.8309162203029257,5.477122958863051,100000,19687.5,19464.5,0.0002929105347592371,0.022858152311541348
1467,long,2022-10-18,08:00:00,19655.8,2022-10-18,09:00:00,19526.2,26.65111303425374,closed,-0.19731548092212192,-0.7403648795775218,5.2798074779409285,0,19521.9,19655.8,0.0002711781055388612,0.021320890427402994
1468,short,2022-10-18,09:00:00,19526.2,2022-10-19,10:00:00,19259.9,26.399037389702666,closed,0.33864272322811456,1.282784361524512,5.618450201169043,100000,19654.3,19095.7,0.00027039605647491747,0.021119229911762134
1469,long,2022-10-19,10:00:00,19259.9,2022-10-19,13:00:00,19156.6,26.2591589052151,closed,-0.1621203623263195,-0.6173859677360884,5.4563298388427235,0,19103.5,19262.8,0.0002726821936273303,0.02100732712417208
1470,short,2022-10-19,13:00:00,19156.6,2022-10-19,16:00:00,19259.8,27.281649194211646,closed,-0.16908122732867903,-0.6197617531294737,5.287248611514045,100000,19292.4,19087.5,0.0002848276749967285,0.021825319355369317
1471,long,2022-10-19,16:00:00,19259.8,2022-10-20,01:00:00,18963.4,22.665010872064503,closed,-0.36717209346770535,-1.6199952232110288,4.920076518046339,0,18947.5,19259.8,0.0002353608123870913,0.018132008697651605
1472,short,2022-10-20,01:00:00,18963.4,2022-10-20,05:00:00,19173.9,24.600382590229728,closed,-0.2930121248262787,-1.1910876741512597,4.62706439322006,100000,19185.8,18933.3,0.00025945118059240145,0.019680306072183785
1473,long,2022-10-20,05:00:00,19173.9,2022-10-20,19:00:00,19054.7,20.011640420541568,closed,-0.14062610215033014,-0.7027215120554541,4.48643829106973,0,18980.5,19323.1,0.00020873834139681095,0.016009312336433254
1474,short,2022-10-20,19:00:00,19054.7,2022-10-21,15:00:00,18966.4,22.432191455346675,closed,0.08577018396493623,0.3823531202275516,4.572208475034666,100000,19113.3,18697.8,0.00023545048156461843,0.01794575316427734
1475,long,2022-10-21,15:00:00,18966.4,2022-10-22,05:00:00,19137.9,18.221017153963516,closed,0.14999106623686112,0.8231761430740676,4.722199541271527,0,18950.1,19230.0,0.0001921399649270659,0.014576813723170812
1476,short,2022-10-22,05:00:00,19137.9,2022-10-22,13:00:00,19173.5,23.610997706355654,closed,-0.06305632531735818,-0.26706336640905504,4.659143215954169,100000,19191.1,19124.8,0.0002467459617445556,0.018888798165084524
1477,long,2022-10-22,13:00:00,19173.5,2022-10-22,18:00:00,19141.9,23.295716079768862,closed,-0.057273429532478395,-0.24585391295276576,4.60186978642169,0,19137.9,19241.1,0.0002429990985450634,0.01863657286381509
1478,short,2022-10-22,18:00:00,19141.9,2022-10-23,16:00:00,19180.6,23.009348932106466,closed,-0.06516687468420927,-0.2832191161796743,4.536702911737481,100000,19213.0,19089.0,0.00024040820328291828,0.018407479145685173
1479,long,2022-10-23,16:00:00,19180.6,2022-10-24,03:00:00,19406.2,22.68351455868542,closed,0.24841753887012327,1.095145720154751,4.785120450607605,0,19160.3,19666.8,0.00023652559939402754,0.018146811646948337
1480,short,2022-10-24,03:00:00,19406.2,2022-10-24,22:00:00,19357.3,23.92560225303603,closed,0.040900991011563054,0.17095072708722697,4.826021441619168,100000,19439.7,19176.4,0.00024657689040653017,0.019140481802428826
1481,long,2022-10-24,22:00:00,19357.3,2022-10-25,01:00:00,19301.7,24.130107208093836,closed,-0.08886233935615964,-0.36826334251160314,4.737159102263008,0,19279.8,19357.3,0.0002493127368805963,0.01930408576647507
1482,short,2022-10-25,01:00:00,19301.7,2022-10-25,05:00:00,19331.6,23.685795511313046,closed,-0.05588540596253386,-0.2359448131511619,4.681273696300474,100000,19359.4,19244.5,0.000245427040222499,0.018948636409050437
1483,long,2022-10-25,05:00:00,19331.6,2022-10-25,08:00:00,19296.9,23.406368481500373,closed,-0.060981413972659944,-0.2605334271348315,4.6202922823278145,0,19273.8,19353.6,0.00024215655694821304,0.0187250947852003
1484,short,2022-10-25,08:00:00,19296.9,2022-10-25,14:00:00,19469.4,23.10146141163708,closed,-0.22523056337344852,-0.9749624032875746,4.395061718954366,100000,19506.0,19240.0,0.00023943184046802416,0.018481169129309662
1485,long,2022-10-25,14:00:00,19469.4,2022-10-26,05:00:00,20192.1,21.975308594769842,closed,0.797912806824922,3.6309515444749043,5.192974525779288,0,19436.3,20388.1,0.00022574202178567233,0.017580246875815875
1486,short,2022-10-26,05:00:00,20192.1,2022-10-26,09:00:00,20658.7,25.96487262889445,closed,-0.6210265790510103,-2.391795207036426,4.571947946728278,100000,20732.2,20133.4,0.0002571785265415133,0.02077189810311556
1487,long,2022-10-26,09:00:00,20658.7,2022-10-26,14:00:00,20542.9,14.090703658646412,closed,-0.09039281852881723,-0.6415067743856064,4.48155512819946,0,20376.9,20714.6,0.00013641423379638033,0.01127256292691713
1488,short,2022-10-26,14:00:00,20542.9,2022-10-26,15:00:00,20820.1,22.407775640995304,closed,-0.32050847339880706,-1.430344888014823,4.1610466548006535,100000,20957.8,20542.9,0.00021815591412113484,0.017926220512796243
1489,long,2022-10-26,15:00:00,20820.1,2022-10-26,19:00:00,20687.0,10.903323617993939,closed,-0.0785308268800713,-0.7202466846941107,4.082515827920582,0,20660.1,20966.0,0.0001047384365876623,0.008722658894395151
1490,short,2022-10-26,19:00:00,20687.0,2022-10-28,13:00:00,20199.8,20.41257913960092,closed,0.4642096979386534,2.2741354473824176,4.546725525859236,100000,20881.1,20045.8,0.0001973469245381246,0.016330063311680736
1491,long,2022-10-28,13:00:00,20199.8,2022-10-29,12:00:00,20688.7,15.413534749265514,closed,0.36057357877719126,2.33933088446421,4.907299104636427,0,20181.4,21078.6,0.0001526107659409055,0.012330827799412412
1492,short,2022-10-29,12:00:00,20688.7,2022-10-29,16:00:00,20913.2,24.53649552318014,closed,-0.28612010904517493,-1.1661001416232049,4.621178995591252,100000,20927.1,20671.8,0.00023719707398899052,0.019629196418544114
1493,long,2022-10-29,16:00:00,20913.2,2022-10-29,17:00:00,20851.7,16.57934516989146,closed,-0.06217734856970154,-0.3750289769141021,4.55900164702155,0,20840.6,20931.9,0.000158553881470951,0.01326347613591317
1494,short,2022-10-29,17:00:00,20851.7,2022-10-30,08:00:00,20842.5,22.795008235105758,closed,-0.008397236889884058,-0.03683805157372911,4.550604410131666,100000,20960.4,20696.1,0.00021863932662666123,0.018236006588084608
1495,long,2022-10-30,08:00:00,20842.5,2022-10-30,09:00:00,20773.4,22.080142988509127,closed,-0.09107919939038271,-0.4124937027707739,4.459525210741283,0,20717.4,20871.0,0.00021187614718492628,0.0176641143908073
1496,short,2022-10-30,09:00:00,20773.4,2022-10-31,10:00:00,20704.7,22.297626053704427,closed,0.05568801354749586,0.24974862083241414,4.515213224288779,100000,20805.1,20429.2,0.00021467478654148503,0.017838100842963542
1497,long,2022-10-31,10:00:00,20704.7,2022-10-31,14:00:00,20315.4,20.746865813864815,closed,-0.40689072242502383,-1.9612153762189226,4.108322501863755,0,20315.4,20810.1,0.0002004073066875136,0.016597492651091852
1498,short,2022-10-31,14:00:00,20315.4,2022-10-31,23:00:00,20467.3,20.541612509316778,closed,-0.17022692747789636,-0.8286931096606406,3.938095574385859,100000,20519.7,20238.8,0.00020222700522083518,0.016433290007453423
1499,long,2022-10-31,23:00:00,20467.3,2022-11-01,14:00:00,20411.3,15.710659672363876,closed,-0.05570753843235739,-0.3545843369667714,3.8823880359535017,0,20362.5,20658.9,0.00015351961101233555,0.012568527737891102
1500,short,2022-11-01,14:00:00,20411.3,2022-11-01,23:00:00,20467.0,19.411940179765512,closed,-0.06869262632570707,-0.3538679065027741,3.8136954096277944,100000,20489.2,20339.9,0.00019020777882609646,0.01552955214381241
1501,long,2022-11-01,23:00:00,20467.0,2022-11-02,08:00:00,20414.2,19.06847704813698,closed,-0.06463325838406321,-0.33895343724043225,3.749062151243731,0,20357.0,20548.0,0.0001863338745115257,0.015254781638509586
1502,short,2022-11-02,08:00:00,20414.2,2022-11-02,17:00:00,20513.2,18.745310756216664,closed,-0.10608651062928451,-0.565936260054276,3.6429756406144467,100000,20525.0,20359.2,0.000183649721823208,0.014996248604973332
1503,long,2022-11-02,17:00:00,20513.2,2022-11-02,20:00:00,20241.1,18.214878203070242,closed,-0.25636310699160747,-1.407437942398076,3.386612533622839,0,20160.1,20776.0,0.00017759177703205976,0.014571902562456194
1504,short,2022-11-02,20:00:00,20241.1,2022-11-03,04:00:00,20299.4,16.933062668112207,closed,-0.062485695831838904,-0.369015913166789,3.3241268377910003,100000,20325.4,20053.5,0.0001673136605037494,0.013546450134489766
1505,long,2022-11-03,04:00:00,20299.4,2022-11-03,12:00:00,20124.3,12.482306497528127,closed,-0.11777958929965643,-0.943572322334661,3.206347248491344,0,20057.6,20372.0,0.0001229820240748803,0.009985845198022501
1506,short,2022-11-03,12:00:00,20124.3,2022-11-03,16:00:00,20241.0,16.03173624245473,closed,-0.10595210479242484,-0.6608897700789629,3.100395143698919,100000,20322.1,20053.4,0.00015932714422320013,0.012825388993963785
1507,long,2022-11-03,16:00:00,20241.0,2022-11-05,07:00:00,21391.1,12.071142718223559,closed,0.6761099457476214,5.60104342670816,3.7765050894465406,0,20157.3,21454.6,0.00011927417339285174,0.009656914174578847
1508,short,2022-11-05,07:00:00,21391.1,2022-11-06,17:00:00,21248.8,18.882525447230705,closed,0.11032964522516674,0.58429496379335,3.8868347346717074,100000,21410.1,21137.1,0.00017654562362132576,0.015106020357784565
1509,long,2022-11-06,17:00:00,21248.8,2022-11-06,19:00:00,21212.4,19.434173673356536,closed,-0.04902173544318463,-0.25224502089528733,3.8378129992285226,0,21193.2,21270.4,0.00018292019947814973,0.01554733893868523
1510,short,2022-11-06,19:00:00,21212.4,2022-11-07,16:00:00,20756.2,19.18906499614061,closed,0.39715339803043614,2.069686032697859,4.234966397258959,100000,21218.6,20610.6,0.0001809230921172579,0.015351251996912488
1511,long,2022-11-07,16:00:00,20756.2,2022-11-07,23:00:00,20450.0,19.54768591415433,closed,-0.3041982398894786,-1.5561854289320813,3.9307681573694806,0,20385.0,20880.0,0.00018835515088652384,0.015638148731323465
1512,short,2022-11-07,23:00:00,20450.0,2022-11-08,17:00:00,20363.2,19.6538407868454,closed,0.06750541696176073,0.3434718826405833,3.9982735743312414,100000,20659.9,19280.5,0.00019221360182733888,0.01572307262947632
1513,long,2022-11-08,17:00:00,20363.2,2022-11-08,19:00:00,18584.5,7.36635719362647,closed,-0.6494075044976398,-8.81585683978943,3.3488660698336017,0,18514.6,20413.2,7.234970135957482e-05,0.0058930857549011765
1514,short,2022-11-08,19:00:00,18584.5,2022-11-09,06:00:00,18386.2,7.816256360826387,closed,0.07706375807847826,0.9859420484812574,3.42592982791208,100000,18710.9,16875.8,8.411586387394212e-05,0.0062530050886611096
1515,long,2022-11-09,06:00:00,18386.2,2022-11-09,11:00:00,17677.0,3.7723717093902227,closed,-0.14856839125104584,-3.938328529005454,3.277361436661034,0,17277.4,18439.6,4.103481643178278e-05,0.003017897367512178
1516,short,2022-11-09,11:00:00,17677.0,2022-11-09,15:00:00,17633.7,7.298988984632434,closed,0.011957178402023792,0.16381965265598955,3.2893186150630576,100000,17962.2,17282.8,8.258176143726236e-05,0.005839191187705948
1517,long,2022-11-09,15:00:00,17633.7,2022-11-09,16:00:00,17098.4,3.5222203502076477,closed,-0.1097805236069434,-3.1167988567345435,3.179538091456114,0,16941.0,17763.4,3.994873849739587e-05,0.0028177762801661183
1518,short,2022-11-09,16:00:00,17098.4,2022-11-10,03:00:00,16194.4,6.048812752943786,closed,0.3148936128603061,5.205874701726488,3.4944317043164204,100000,17262.9,15525.6,7.075296814840905e-05,0.0048390502023550296
1519,long,2022-11-10,03:00:00,16194.4,2022-11-11,02:00:00,17259.0,2.970308754348593,closed,0.1928515254443206,6.492642394901944,3.687283229760741,0,16192.6,18101.2,3.6683159046937134e-05,0.0023762470034788745
1520,short,2022-11-11,02:00:00,17259.0,2022-11-12,00:00:00,17058.3,7.062354546164262,closed,0.07639438813466252,1.0817127295903628,3.7636776178954037,100000,17501.4,16400.1,8.183967259011835e-05,0.00564988363693141
1521,long,2022-11-12,00:00:00,17058.3,2022-11-12,06:00:00,16695.8,4.872895268705686,closed,-0.10750765090596848,-2.206237667293927,3.6561699669894354,0,16645.8,17098.2,5.713224962283095e-05,0.003898316214964549
1522,short,2022-11-12,06:00:00,16695.8,2022-11-12,08:00:00,16811.3,11.174354325850036,closed,-0.08637649130102606,-0.77298865582961,3.5697934756884093,100000,16845.7,16671.1,0.00013385826765833367,0.008939483460680029
1523,long,2022-11-12,08:00:00,16811.3,2022-11-13,07:00:00,16675.0,5.915021603316151,closed,-0.05275926376880511,-0.8919538643650358,3.5170342119196043,0,16675.0,16984.0,7.036959192110248e-05,0.004732017282652921
1524,short,2022-11-13,07:00:00,16675.0,2022-11-14,07:00:00,16628.1,17.58517105959601,closed,0.035180887948914455,0.20005997001500123,3.5522150998685187,100000,16782.9,15823.5,0.00021091659441794318,0.01406813684767681
1525,long,2022-11-14,07:00:00,16628.1,2022-11-14,18:00:00,16573.7,6.2607428010467085,closed,-0.025566358323152044,-0.4083598246341905,3.5266487415453667,0,16377.0,17166.8,7.53031651366868e-05,0.005008594240837367
1526,short,2022-11-14,18:00:00,16573.7,2022-11-15,01:00:00,16551.7,11.172472619289596,closed,0.00575758795804541,0.05153369495043352,3.532406329503412,100000,16706.6,16200.1,0.00013482170691263382,0.008937978095431677
1527,long,2022-11-15,01:00:00,16551.7,2022-11-15,19:00:00,16723.3,6.023589280395935,closed,0.05755799636931499,0.9555431768337906,3.589964325872727,0,16530.4,17116.7,7.278514328311817e-05,0.004818871424316748
1528,short,2022-11-15,19:00:00,16723.3,2022-11-16,23:00:00,16659.1,14.242478776111161,closed,0.04311192440594219,0.3026995868040443,3.6330762502786693,100000,16993.0,16386.9,0.0001703309607088453,0.01139398302088893
1529,long,2022-11-16,23:00:00,16659.1,2022-11-17,05:00:00,16495.3,10.115489284934114,closed,-0.10767401604927664,-1.064446938910261,3.5254022342293925,0,16415.0,16736.0,0.00012144100563576802,0.008092391427947291
1530,short,2022-11-17,05:00:00,16495.3,2022-11-17,06:00:00,16570.8,17.627011171144957,closed,-0.09499524201152953,-0.5389186010560584,3.430406992217863,100000,16570.8,16495.3,0.00021372161974798833,0.014101608936915967
1531,long,2022-11-17,06:00:00,16570.8,2022-11-17,15:00:00,16498.4,10.710430360826626,closed,-0.05549288892114674,-0.5181200666232036,3.3749141032967165,0,16443.6,16623.4,0.00012926871799583155,0.008568344288661302
1532,short,2022-11-17,15:00:00,16498.4,2022-11-17,16:00:00,16526.8,16.874570516481576,closed,-0.042751748541593845,-0.25335014304416076,3.3321623547551225,100000,16688.8,16496.6,0.00020456008481406168,0.01349965641318526
1533,long,2022-11-17,16:00:00,16526.8,2022-11-18,08:00:00,16739.8,11.393358243593434,closed,0.13758683059155474,1.2076055860783697,3.4697491853466773,0,16516.5,16976.0,0.00013787736577671944,0.009114686594874749
1534,short,2022-11-18,08:00:00,16739.8,2022-11-19,10:00:00,16626.2,17.348745926731382,closed,0.1036461701119413,0.5974274483566024,3.5733953554586186,100000,16827.7,16549.0,0.00020727542654907927,0.013878996741385107
1535,long,2022-11-19,10:00:00,16626.2,2022-11-20,09:00:00,16605.5,17.866976777291093,closed,-0.03675330250334259,-0.20570521225536037,3.5366420529552762,0,16570.0,16806.3,0.00021492556058860226,0.014293581421832876
1536,short,2022-11-20,09:00:00,16605.5,2022-11-21,11:00:00,16124.1,17.68321026477438,closed,0.49828369762837954,2.817835054650565,4.034925750583656,100000,16658.2,15905.2,0.00021298016036583518,0.014146568211819505
1537,long,2022-11-21,11:00:00,16124.1,2022-11-21,20:00:00,15712.8,12.154767866468367,closed,-0.31992326586267295,-2.6320804261943374,3.715002484720983,0,15596.0,16262.2,0.00015076522555018101,0.009723814293174694
1538,short,2022-11-21,20:00:00,15712.8,2022-11-22,02:00:00,15807.5,18.57501242360291,closed,-0.12704680535408075,-0.6839661931673586,3.5879556793669023,100000,15939.0,15502.0,0.00023643160256100646,0.014860009938882328
1539,long,2022-11-22,02:00:00,15807.5,2022-11-23,13:00:00,16503.9,8.239776697373648,closed,0.3563075957992446,4.324238494385586,3.944263275166147,0,15613.9,16630.0,0.00010425148438872243,0.006591821357898918
1540,short,2022-11-23,13:00:00,16503.9,2022-11-24,02:00:00,16737.5,19.72131637582873,closed,-0.29515609494342304,-1.4966348560037233,3.649107180222724,100000,16771.4,16327.1,0.00023898977060971926,0.015777053100662988
1541,long,2022-11-24,02:00:00,16737.5,2022-11-24,08:00:00,16613.8,9.941343353020425,closed,-0.08154425863696378,-0.8202539208364494,3.5675629215857603,0,16613.8,16783.2,0.00011879125739232772,0.00795307468241634
1542,short,2022-11-24,08:00:00,16613.8,2022-11-25,12:00:00,16523.5,17.8378146079268,closed,0.08246782727056134,0.46232023980064324,3.6500307488563215,100000,16652.3,16353.0,0.00021473491444373713,0.01427025168634144
1543,long,2022-11-25,12:00:00,16523.5,2022-11-26,09:00:00,16561.7,16.822597714059523,closed,0.025229773260608476,0.14997548945441783,3.67526052211693,0,16436.0,16681.1,0.00020362027069397554,0.013458078171247619
1544,short,2022-11-26,09:00:00,16561.7,2022-11-27,04:00:00,16520.0,18.37630261058265,closed,0.03134595540208094,0.1705781411328591,3.706606477519011,100000,16643.6,16386.2,0.0002219132409182952,0.014701042088466119
1545,long,2022-11-27,04:00:00,16520.0,2022-11-28,00:00:00,16422.6,18.533032387593053,closed,-0.1243194017592941,-0.6707990314770063,3.5822870757597167,0,16405.5,16587.8,0.00022437085215003694,0.014826425910074444
1546,short,2022-11-28,00:00:00,16422.6,2022-11-28,12:00:00,16205.0,17.911435378796583,closed,0.22277983878489954,1.2437855150828647,3.805066914544616,100000,16473.1,16045.3,0.00021813154285918901,0.014329148303037267
1547,long,2022-11-28,12:00:00,16205.0,2022-11-29,15:00:00,16355.7,19.025334572721082,closed,0.16147290439949277,0.8487257019438489,3.966539818944109,0,16008.4,16520.7,0.00023480820206999177,0.015220267658176866
1548,short,2022-11-29,15:00:00,16355.7,2022-11-29,23:00:00,16489.4,19.832699094718542,closed,-0.17823147587994506,-0.8986748350727926,3.788308343064164,100000,16489.4,16342.3,0.0002425172764812089,0.015866159275774835
1549,long,2022-11-29,23:00:00,16489.4,2022-11-30,00:00:00,16433.2,18.941541715318824,closed,-0.07994048777471939,-0.4220379152667818,3.7083678552894446,0,16423.1,16494.4,0.00022974203688816845,0.01515323337225506
1550,short,2022-11-30,00:00:00,16433.2,2022-11-30,01:00:00,16839.4,18.54183927644523,closed,-0.4733810143189092,-2.5530423776257862,3.234986840970535,100000,16879.0,16425.8,0.00022566316087487806,0.014833471421156185
1551,long,2022-11-30,01:00:00,16839.4,2022-11-30,11:00:00,16858.4,12.201046111244477,closed,0.0038607688030953564,0.03164293264605626,3.2388476097736305,0,16823.5,17042.7,0.00014491069885203128,0.009760836888995582
1552,short,2022-11-30,11:00:00,16858.4,2022-11-30,20:00:00,17051.5,16.19423804886616,closed,-0.19864004704030094,-1.2266094054002665,3.0402075627333294,100000,17131.1,16734.0,0.00019212070005298438,0.01295539043909293
1553,long,2022-11-30,20:00:00,17051.5,2022-12-01,05:00:00,17133.0,11.015546331684648,closed,0.0437086852268824,0.3967908981614521,3.083916247960212,0,17019.9,17213.0,0.0001292032528714148,0.00881243706534772
1554,short,2022-12-01,05:00:00,17133.0,2022-12-02,09:00:00,16955.1,15.419581239799065,closed,0.14759310325145245,0.9571797116675508,3.231509351211664,100000,17227.0,16863.5,0.00017999861366718107,0.012335664991839253
1555,long,2022-12-02,09:00:00,16955.1,2022-12-02,15:00:00,16902.0,16.157546756056327,closed,-0.06371885149015147,-0.3943596911843548,3.1677904997215127,0,16816.8,17084.0,0.00019059217292798425,0.012926037404845062
1556,short,2022-12-02,15:00:00,16902.0,2022-12-02,19:00:00,16945.3,15.838952498605572,closed,-0.053435239249466096,-0.337365992190269,3.114355260472047,100000,16958.8,16890.0,0.00018742104483026353,0.012671161998884458
1557,long,2022-12-02,19:00:00,16945.3,2022-12-03,06:00:00,17004.5,15.571776302358238,closed,0.04176025594460213,0.2681791411187806,3.156115516416649,0,16924.6,17121.8,0.00018378873554741716,0.012457421041886591
1558,short,2022-12-03,06:00:00,17004.5,2022-12-04,02:00:00,16959.4,15.78057758208125,closed,0.029043798302791888,0.18404775206562113,3.185159314719441,100000,17031.5,16864.0,0.00018560472324480285,0.012624462065665
1559,long,2022-12-04,02:00:00,16959.4,2022-12-04,12:00:00,16938.4,15.925796573595212,closed,-0.032648587266554424,-0.2050044223262616,3.1525107274528863,0,16910.0,17052.1,0.0001878108491290401,0.01274063725887617
1560,short,2022-12-04,12:00:00,16938.4,2022-12-04,16:00:00,17022.2,15.762553637262444,closed,-0.09077884902668248,-0.5759146082274551,3.0617318784262038,100000,17050.2,16915.3,0.00018611620504017432,0.012610042909809957
1561,long,2022-12-04,16:00:00,17022.2,2022-12-05,12:00:00,17302.2,15.308659392129034,closed,0.23938699159885,1.563735827331367,3.3011188700250536,0,16969.3,17408.4,0.0001798669900733047,0.012246927513703227
1562,short,2022-12-05,12:00:00,17302.2,2022-12-06,05:00:00,16994.9,16.50559435012329,closed,0.2797564211066273,1.6949187964536256,3.580875291131681,100000,17302.2,16880.3,0.00019079185710630197,0.013204475480098631
1563,long,2022-12-06,05:00:00,16994.9,2022-12-07,07:00:00,16945.7,17.904376455656426,closed,-0.06636712583483449,-0.37067543792549956,3.514508165296846,0,16905.1,17110.5,0.000210702933887889,0.01432350116452514
1564,short,2022-12-07,07:00:00,16945.7,2022-12-07,20:00:00,16807.5,17.572540826482257,closed,0.129046745191282,0.7343658863310498,3.6435549104881284,100000,16948.2,16723.2,0.00020739822877169145,0.014058032661185806
1565,long,2022-12-07,20:00:00,16807.5,2022-12-09,06:00:00,17210.1,18.217774552438666,closed,0.42159014031052816,2.314169269671269,4.065145050798656,0,16755.6,17280.3,0.00021678149103006,0.014574219641950933
1566,short,2022-12-09,06:00:00,17210.1,2022-12-10,11:00:00,17155.5,20.325725253991305,closed,0.047987707361498474,0.23609345674922605,4.1131327581601544,100000,17271.6,17076.7,0.00023620693957607805,0.016260580203193046
1567,long,2022-12-10,11:00:00,17155.5,2022-12-10,22:00:00,17116.1,20.565663790798805,closed,-0.06392420403055007,-0.31082976304975934,4.049208554129605,0,17116.1,17207.7,0.00023975592423186506,0.016452531032639044
1568,short,2022-12-10,22:00:00,17116.1,2022-12-11,05:00:00,17161.0,20.24604277064606,closed,-0.06954406454095798,-0.3434946044951914,3.9796644895886466,100000,17163.4,17098.0,0.00023657308347866703,0.01619683421651685
1569,long,2022-12-11,05:00:00,17161.0,2022-12-11,13:00:00,17153.6,19.89832244794126,closed,-0.024730921264942515,-0.12428646349281192,3.954933568323704,0,17136.0,17185.3,0.00023190166596283738,0.01591865795835301
1570,short,2022-12-11,13:00:00,17153.6,2022-12-11,18:00:00,17167.9,19.774667841616544,closed,-0.03253533238118298,-0.16453036097380677,3.9223982359425213,100000,17167.9,17124.8,0.0002305599739018812,0.015819734273293237
1571,long,2022-12-11,18:00:00,17167.9,2022-12-11,21:00:00,17093.9,19.61199117971063,closed,-0.1004530028852598,-0.5122019583059081,3.8219452330572614,0,17086.0,17248.5,0.00022847280307679597,0.015689592943768503
1572,short,2022-12-11,21:00:00,17093.9,2022-12-12,11:00:00,16978.7,19.10972616528433,closed,0.1132737824914331,0.5927546083690715,3.9352190155486944,100000,17136.3,16869.1,0.00022358532769332134,0.015287780932227464
1573,long,2022-12-12,11:00:00,16978.7,2022-12-13,09:00:00,17149.5,19.676095077741493,closed,0.18196223549892065,0.924788352465143,4.117181251047615,0,16916.0,17227.1,0.00023177387052885666,0.015740876062193196
1574,short,2022-12-13,09:00:00,17149.5,2022-12-13,10:00:00,17430.6,20.585906255236097,closed,-0.3541354458763941,-1.7202810577567773,3.7630458051712212,100000,17430.6,17147.2,0.00024007587690878568,0.01646872500418888
1575,long,2022-12-13,10:00:00,17430.6,2022-12-13,23:00:00,17774.9,18.81522902585413,closed,0.35638197898810253,1.8941144883136722,4.119427784159324,0,17370.0,17941.2,0.0002158873363608153,0.015052183220683305
1576,short,2022-12-13,23:00:00,17774.9,2022-12-14,15:00:00,18055.8,20.59713892079464,closed,-0.3422098249958039,-1.6614434961659295,3.7772179591635204,100000,18080.0,17747.2,0.00023175532825270062,0.016477711136635716
1577,long,2022-12-14,15:00:00,18055.8,2022-12-14,20:00:00,17789.5,18.54679482827905,closed,-0.2885844214149862,-1.5559800175012979,3.4886335377485342,0,17717.2,18349.2,0.0002054386383132185,0.014837435862623241
1578,short,2022-12-14,20:00:00,17789.5,2022-12-16,01:00:00,17418.2,17.443167688740687,closed,0.34992075910017556,2.006062002866855,3.83855429684871,100000,17930.0,17294.0,0.00019610632888772238,0.01395453415099255
1579,long,2022-12-16,01:00:00,17418.2,2022-12-16,10:00:00,17029.1,16.05430283164509,closed,-0.37166008763392294,-2.3150185438219917,3.4668942092147867,0,16975.4,17517.5,0.00018433940167922162,0.012843442265316071
1580,short,2022-12-16,10:00:00,17029.1,2022-12-17,04:00:00,16667.5,17.334471046071947,closed,0.3540131588479629,2.042249561045496,3.8209073680627497,100000,17053.5,16538.8,0.00020358646136404095,0.013867576836857558
1581,long,2022-12-17,04:00:00,16667.5,2022-12-18,15:00:00,16676.0,13.84844456740972,closed,-0.004182575068387012,-0.030202489875506226,3.816724792994363,0,16641.5,16792.9,0.00016617302615760878,0.011078755653927776
1582,short,2022-12-18,15:00:00,16676.0,2022-12-18,19:00:00,16740.0,19.083623964969824,closed,-0.08873587605798346,-0.4649844087311106,3.7279889169363796,100000,16784.9,16666.7,0.00022887531740189285,0.01526689917197586
1583,long,2022-12-18,19:00:00,16740.0,2022-12-19,04:00:00,16673.6,18.639944584679906,closed,-0.0890708749831387,-0.47784946236560005,3.6389180419532408,0,16637.1,16809.5,0.0002226994574035831,0.014911955667743925
1584,short,2022-12-19,04:00:00,16673.6,2022-12-19,09:00:00,16747.7,18.194590209764215,closed,-0.09563342697694203,-0.5256146243162976,3.5432846149762987,100000,16752.0,16666.0,0.00021824429289132782,0.014555672167811373
1585,long,2022-12-19,09:00:00,16747.7,2022-12-19,14:00:00,16701.8,17.716423074879508,closed,-0.06293966184830745,-0.3552616777229199,3.4803449531279913,0,16701.8,16765.9,0.00021156843118612715,0.014173138459903607
1586,short,2022-12-19,14:00:00,16701.8,2022-12-20,03:00:00,16712.9,17.401724765637965,closed,-0.025694930558642345,-0.1476573782466691,3.454650022569349,100000,16769.2,16304.5,0.00020838142913503894,0.013921379812510373
1587,long,2022-12-20,03:00:00,16712.9,2022-12-20,19:00:00,16828.9,12.688467218239307,closed,0.07776481860447572,0.6128779565485344,3.532414841173825,0,16669.1,17015.6,0.00015184040134553914,0.010150773774591447
1588,short,2022-12-20,19:00:00,16828.9,2022-12-20,20:00:00,16894.7,17.66207420586713,closed,-0.0833972227578577,-0.4721824955879426,3.4490176184159673,100000,16894.7,16828.9,0.00020990170725201444,0.014129659364693703
1589,long,2022-12-20,20:00:00,16894.7,2022-12-20,22:00:00,16870.0,13.202778864040665,closed,-0.030020940541949155,-0.22738349896713597,3.418996677874018,0,16832.5,16916.7,0.0001562949192828599,0.010562223091232533
1590,short,2022-12-20,22:00:00,16870.0,2022-12-22,01:00:00,16849.0,17.094983389368092,closed,0.007401408338823032,0.04329579134558388,3.426398086212841,100000,16914.9,16724.1,0.0002026672600992068,0.013675986711494474
1591,long,2022-12-22,01:00:00,16849.0,2022-12-22,13:00:00,16808.3,17.131990431062214,closed,-0.05529253570234618,-0.32274437652086607,3.371105550510495,0,16785.3,16853.5,0.00020335913622247272,0.013705592344849771
1592,short,2022-12-22,13:00:00,16808.3,2022-12-22,22:00:00,16791.6,16.85552775255048,closed,0.0030619392930004707,0.018165787140881164,3.3741674898034955,100000,16819.1,16565.0,0.00020056195751563788,0.013484422202040384
1593,long,2022-12-22,22:00:00,16791.6,2022-12-23,15:00:00,16781.0,16.87083744901548,closed,-0.024347633801213305,-0.1443178732223168,3.349819856002282,0,16758.6,16916.1,0.00020094377485189597,0.013496669959212384
1594,short,2022-12-23,15:00:00,16781.0,2022-12-24,05:00:00,16822.3,16.749099280009414,closed,-0.054820387827581724,-0.32730349800369035,3.2949994681747,100000,16884.6,16763.0,0.00019961979953530084,0.013399279424007532
1595,long,2022-12-24,05:00:00,16822.3,2022-12-24,07:00:00,16810.9,16.47499734087151,closed,-0.024540511545267166,-0.14895608804977808,3.270458956629433,0,16802.7,16822.3,0.00019587092538917404,0.013179997872697208
1596,short,2022-12-24,07:00:00,16810.9,2022-12-24,08:00:00,16840.3,16.352294783145176,closed,-0.04187434102142311,-0.25607623625146675,3.22858461560801,100000,16843.5,16803.0,0.000194543954019656,0.013081835826516142
1597,long,2022-12-24,08:00:00,16840.3,2022-12-24,13:00:00,16816.2,16.142923078038063,closed,-0.036208046460286865,-0.2242967168043238,3.192376569147723,0,16812.8,16840.3,0.00019171776129924128,0.01291433846243045
1598,short,2022-12-24,13:00:00,16816.2,2022-12-24,16:00:00,16830.2,15.96188284573663,closed,-0.026248100513661898,-0.16444238294025998,3.166128468634061,100000,16832.1,16808.8,0.00018983935545172667,0.012769506276589305
1599,long,2022-12-24,16:00:00,16830.2,2022-12-24,22:00:00,16817.0,15.83064234316832,closed,-0.025268678257516858,-0.1596187805254883,3.140859790376544,0,16815.3,16844.8,0.00018812185646241067,0.012664513874534657
1600,short,2022-12-24,22:00:00,16817.0,2022-12-25,02:00:00,16837.6,15.704298951880737,closed,-0.031987201913428034,-0.20368436700956505,3.108872588463116,100000,16842.8,16810.9,0.00018676694953773847,0.01256343916150459
1601,long,2022-12-25,02:00:00,16837.6,2022-12-25,03:00:00,16818.4,15.544362942313601,closed,-0.03034544433071449,-0.19521832090082372,3.0785271441324014,0,16815.8,16837.6,0.000184638700792436,0.012435490353850881
1602,short,2022-12-25,03:00:00,16818.4,2022-12-25,23:00:00,16814.0,15.392635720660026,closed,-0.00847015968562315,-0.055027350996518974,3.070056984446778,100000,16846.0,16725.9,0.000183045185281121,0.012314108576528022
1603,long,2022-12-25,23:00:00,16814.0,2022-12-26,09:00:00,16831.5,15.350284922231907,closed,0.003513749054876064,0.022890448435827278,3.073570733501654,0,16806.2,16904.0,0.0001825893293949317,0.012280227937785526
1604,short,2022-12-26,09:00:00,16831.5,2022-12-27,00:00:00,16912.9,15.36785366750629,closed,-0.08679844829469989,-0.5648052758221278,2.9867722852069543,100000,16924.4,16792.1,0.0001826082484330724,0.012294282934005033
1605,long,2022-12-27,00:00:00,16912.9,2022-12-27,09:00:00,16840.4,14.933861426032795,closed,-0.07614020360804262,-0.5098494048921237,2.9106320815989117,0,16836.2,16958.0,0.00017659728876813312,0.011947089140826237
1606,short,2022-12-27,09:00:00,16840.4,2022-12-28,09:00:00,16635.1,14.55316040799258,closed,0.16560107631953597,1.1379045628370044,3.076233157918448,100000,16869.7,16582.0,0.0001728362795182131,0.011642528326394065
1607,long,2022-12-28,09:00:00,16635.1,2022-12-28,21:00:00,16591.2,15.381165789590261,closed,-0.053080726664824815,-0.34510210338379577,3.023152431253623,0,16566.2,16771.9,0.00018492423597802555,0.012304932631672209
1608,short,2022-12-28,21:00:00,16591.2,2022-12-29,04:00:00,16553.2,15.115762156266133,closed,0.022345876310165977,0.14783162158252572,3.045498307563789,100000,16591.6,16469.9,0.00018221421182634326,0.012092609725012906
1609,long,2022-12-29,04:00:00,16553.2,2022-12-30,03:00:00,16600.0,15.22749153781696,closed,0.030685917848103435,0.20151656477297,3.0761842254118923,0,16515.7,16653.8,0.00018398245098007586,0.012181993230253568
1610,short,2022-12-30,03:00:00,16600.0,2022-12-30,17:00:00,16540.2,15.380921127057476,closed,0.04291832931357175,0.27903614457830883,3.119102554725464,100000,16609.7,16382.8,0.00018531230273563225,0.012304736901645982
1611,long,2022-12-30,17:00:00,16540.2,2022-12-31,00:00:00,16601.2,15.595512773625337,closed,0.051183514574337424,0.32819385497152387,3.1702860692998014,0,16513.0,16613.3,9.428853806861668e-05,0.006238205109450135
